   8.7041443e-01   1.7907422e+00   1.4564174e-01
   8.7463552e-01   1.9745431e+00   1.3423373e-01
   8.7759704e-01   1.9679316e+00   1.3151292e-01
   8.8235839e-01   2.0277782e+00   1.2527479e-01
   8.8547793e-01   2.1411765e+00   1.1727651e-01
   8.8899122e-01   2.1934865e+00   1.1210481e-01
   8.8960618e-01   2.1892631e+00   1.1117994e-01
   8.9446766e-01   2.2853168e+00   1.0281714e-01
   8.9696275e-01   2.3456942e+00   9.7432083e-02
   8.9192426e-01   2.3352993e+00   1.0146187e-01
   9.0357377e-01   2.4303696e+00   8.7432421e-02
   9.0590574e-01   2.4224811e+00   8.5686603e-02
   9.2445362e-01   2.6682056e+00   5.9740302e-02
   9.3309223e-01   2.7970789e+00   4.6957889e-02
   9.2796715e-01   2.7654329e+00   5.2162138e-02
   9.3855111e-01   2.9017793e+00   3.7643544e-02
   9.4212308e-01   2.9401926e+00   3.2631780e-02
   9.3742535e-01   2.9673564e+00   3.5244308e-02
   9.4482812e-01   3.0276833e+00   2.6241076e-02
   9.4300798e-01   3.0466573e+00   2.6900907e-02
   9.4589896e-01   3.0665839e+00   2.3537507e-02
   9.3840030e-01   3.0702980e+00   2.9056828e-02
   9.2795889e-01   3.0188388e+00   4.0084460e-02
   9.2081153e-01   3.0830706e+00   4.3415688e-02
   9.1409788e-01   2.9645730e+00   5.4422350e-02
   9.1184793e-01   3.0174940e+00   5.4286418e-02
   9.1099084e-01   3.0433620e+00   5.3929454e-02
   9.0418199e-01   3.0514694e+00   5.9326482e-02
   9.0523969e-01   3.1546485e+00   5.4102277e-02
   9.0333302e-01   3.1598441e+00   5.5744771e-02
   8.9211516e-01   3.1912639e+00   6.4012897e-02
   8.8519964e-01   3.1357618e+00   7.2468614e-02
   8.7981272e-01   3.1599186e+00   7.6043065e-02
   8.7557789e-01   3.2141545e+00   7.7194895e-02
   8.6752757e-01   3.2145380e+00   8.4020793e-02
   8.6982422e-01   3.2110670e+00   8.2722974e-02
   8.6423924e-01   3.2201119e+00   8.6696730e-02
   8.6127785e-01   3.2431481e+00   8.8426647e-02
   8.6388100e-01   3.3398060e+00   8.1654737e-02
   8.7308541e-01   3.4362103e+00   6.9567686e-02
   8.8462450e-01   3.4289266e+00   5.9052623e-02
   8.5454166e-01   3.3340754e+00   8.9744652e-02
   8.4289133e-01   3.3386775e+00   1.0057247e-01
   8.3831598e-01   3.3118590e+00   1.0572427e-01
   8.3808906e-01   3.3873459e+00   1.0269552e-01
   8.3519173e-01   3.3050728e+00   1.0820640e-01
   8.3374079e-01   3.2584886e+00   1.1028594e-01
   8.4869406e-01   3.2871717e+00   9.6593628e-02
   8.5524916e-01   3.2757194e+00   8.9916254e-02
   8.7591072e-01   3.4219354e+00   6.5413086e-02
   8.8895476e-01   3.4673799e+00   5.1322502e-02
   8.9352874e-01   3.3721727e+00   5.0328986e-02
   9.1233395e-01   3.4345583e+00   3.0785758e-02
   9.2577926e-01   3.4585791e+00   1.7683388e-02
   9.3352842e-01   3.5244121e+00   7.6196109e-03
   9.4049229e-01   3.5613327e+00   0.0000000e+00
   9.4310537e-01   3.5010544e+00   0.0000000e+00
   9.3978546e-01   3.5632016e+00   0.0000000e+00
   9.3812536e-01   3.5500779e+00   2.0813158e-03
   9.3650502e-01   3.5330347e+00   4.5487090e-03
   9.2767482e-01   3.5515152e+00   1.1194400e-02
   9.1832453e-01   3.5799845e+00   1.8015900e-02
   9.1846721e-01   3.6177061e+00   1.6624869e-02
   9.1351012e-01   3.6426098e+00   2.0062804e-02
   8.9470744e-01   3.5051081e+00   4.1688674e-02
   8.8618898e-01   3.4377425e+00   5.2071028e-02
   8.8113817e-01   3.5504084e+00   5.1984050e-02
   8.7568846e-01   3.5473331e+00   5.6774734e-02
   8.7134896e-01   3.5291484e+00   6.1183769e-02
   8.6767956e-01   3.5317448e+00   6.4616503e-02
   8.6027998e-01   3.5549020e+00   7.0124575e-02
   8.5406665e-01   3.5430150e+00   7.6073671e-02
   8.4466828e-01   3.5521703e+00   8.3690319e-02
   8.4185427e-01   3.5773640e+00   8.5307622e-02
   8.3387147e-01   3.5278258e+00   9.3827164e-02
   8.3205551e-01   3.5655185e+00   9.4484865e-02
   8.2888982e-01   3.5856261e+00   9.6027672e-02
   8.2505813e-01   3.5495951e+00   1.0083385e-01
   8.1692731e-01   3.4754717e+00   1.1110192e-01
   8.0281963e-01   3.3716744e+00   1.2698311e-01
   8.1405110e-01   3.5319411e+00   1.1103637e-01
   8.1176551e-01   3.5676577e+00   1.1160172e-01
   8.0711402e-01   3.5506765e+00   1.1599270e-01
   8.0037275e-01   3.5013549e+00   1.2371449e-01
   8.0149091e-01   3.5394112e+00   1.2144598e-01
   8.0380820e-01   3.5979040e+00   1.1689623e-01
   8.0420251e-01   3.7004139e+00   1.1230888e-01
   7.9895251e-01   3.6438930e+00   1.1884823e-01
   8.0148516e-01   3.6800294e+00   1.1504873e-01
   7.9662423e-01   3.5994886e+00   1.2280403e-01
   7.8814332e-01   3.5658566e+00   1.3118515e-01
   7.8628247e-01   3.6733092e+00   1.2810359e-01
   7.8516336e-01   3.6335221e+00   1.3052617e-01
   7.7152854e-01   3.4278488e+00   1.5056626e-01
   7.8221496e-01   3.6075233e+00   1.3430360e-01
   7.8061055e-01   3.6338852e+00   1.3462644e-01
   7.8269082e-01   3.6635675e+00   1.3115600e-01
   7.8046213e-01   3.7026316e+00   1.3154321e-01
   7.8341928e-01   3.6961338e+00   1.2920280e-01
   7.7721398e-01   3.7169692e+00   1.3344204e-01
   7.7403657e-01   3.6601260e+00   1.3816536e-01
   7.7361735e-01   3.6862182e+00   1.3715002e-01
   7.7201909e-01   3.6809818e+00   1.3882275e-01
   7.6570221e-01   3.6589529e+00   1.4504830e-01
   7.8068382e-01   3.8255096e+00   1.2534788e-01
   7.7548286e-01   3.8416815e+00   1.2891617e-01
   7.7178450e-01   3.7709975e+00   1.3488956e-01
   7.7259955e-01   3.8255172e+00   1.3168698e-01
   7.7261630e-01   3.8365284e+00   1.3169651e-01
   7.7436197e-01   3.9073273e+00   1.2736638e-01
   7.7187791e-01   3.9504040e+00   1.2716791e-01
   7.6014947e-01   3.8242380e+00   1.4225059e-01
   7.7339176e-01   4.0086179e+00   1.2347489e-01
   7.5988116e-01   3.8376286e+00   1.4177339e-01
   7.5035288e-01   3.7220583e+00   1.5435191e-01
   7.6275545e-01   3.9349529e+00   1.3524551e-01
   7.5480853e-01   3.9082911e+00   1.4286249e-01
   7.5287467e-01   3.9114303e+00   1.4457042e-01
   7.5149079e-01   3.9023767e+00   1.4566453e-01
   7.5496709e-01   4.0422617e+00   1.3669384e-01
   7.4903650e-01   3.9772833e+00   1.4473407e-01
   7.5483147e-01   4.0216783e+00   1.3783955e-01
   7.4381476e-01   3.9220631e+00   1.5118763e-01
   7.4491034e-01   3.9738043e+00   1.4805624e-01
   7.4673662e-01   4.0775581e+00   1.4224386e-01
   7.5215565e-01   4.1161500e+00   1.3618130e-01
   7.4525603e-01   4.1364554e+00   1.4092550e-01
   7.3745762e-01   4.0916293e+00   1.4927310e-01
   7.3588393e-01   4.0630123e+00   1.5184743e-01
   7.3272371e-01   4.0825027e+00   1.5356070e-01
   7.2734539e-01   4.0201543e+00   1.6062105e-01
   7.2752337e-01   4.0490833e+00   1.5941264e-01
   7.2264903e-01   4.0448713e+00   1.6315690e-01
   7.2374925e-01   4.0493073e+00   1.6239474e-01
   7.2190904e-01   4.1003034e+00   1.6175756e-01
   7.1558234e-01   4.0988871e+00   1.6719809e-01
   7.1533621e-01   4.1416293e+00   1.6515527e-01
   7.1665471e-01   4.1556858e+00   1.6402328e-01
   7.1833808e-01   4.1797329e+00   1.6132865e-01
   7.1230974e-01   4.1708716e+00   1.6691926e-01
   7.0880453e-01   4.1799659e+00   1.6943111e-01
   7.0439468e-01   4.1310971e+00   1.7506653e-01
   6.9893867e-01   4.0930713e+00   1.8095105e-01
   6.9326515e-01   4.0653199e+00   1.8682190e-01
   6.8988192e-01   4.0551343e+00   1.8973470e-01
   6.8769780e-01   4.0508684e+00   1.9217305e-01
   6.9287200e-01   4.1429760e+00   1.8396627e-01
   6.8842667e-01   4.1990793e+00   1.8530472e-01
   6.9437885e-01   4.3248664e+00   1.7538445e-01
   6.8507447e-01   4.1806056e+00   1.8883217e-01
   6.8264922e-01   4.1796813e+00   1.9063117e-01
   6.7476129e-01   4.2026342e+00   1.9620672e-01
   6.7714528e-01   4.1794584e+00   1.9518219e-01
   6.7762136e-01   4.1875073e+00   1.9440684e-01
   6.7450764e-01   4.1812951e+00   1.9721537e-01
   6.7411952e-01   4.2378676e+00   1.9516818e-01
   6.7387897e-01   4.2528053e+00   1.9464011e-01
   6.6325290e-01   4.1435570e+00   2.0822373e-01
   6.5919614e-01   4.1376289e+00   2.1135805e-01
   6.6773571e-01   4.2164445e+00   2.0126293e-01
   6.7284981e-01   4.2481629e+00   1.9550367e-01
   6.7304499e-01   4.3385423e+00   1.9141109e-01
   6.7539993e-01   4.3510902e+00   1.8889550e-01
   6.6563499e-01   4.2600732e+00   2.0026247e-01
   6.6985770e-01   4.3117263e+00   1.9416456e-01
   6.7494929e-01   4.3146956e+00   1.8974467e-01
   6.7824062e-01   4.2610142e+00   1.8860868e-01
   6.8284089e-01   4.3105656e+00   1.8207205e-01
   6.8255207e-01   4.3242077e+00   1.8135120e-01
   6.8799066e-01   4.3275992e+00   1.7593138e-01
   6.9332869e-01   4.2987932e+00   1.7234536e-01
   6.9250640e-01   4.2626948e+00   1.7341423e-01
   6.9938728e-01   4.2529517e+00   1.6813928e-01
   7.0078962e-01   4.2369164e+00   1.6721323e-01
   7.0017035e-01   4.2939465e+00   1.6490326e-01
   7.0654462e-01   4.2853137e+00   1.5945205e-01
   7.0337256e-01   4.2729047e+00   1.6253528e-01
   6.9897779e-01   4.2080873e+00   1.6882501e-01
   7.0115996e-01   4.3024594e+00   1.6329584e-01
   6.9973851e-01   4.3173682e+00   1.6392128e-01
   6.9411289e-01   4.3284688e+00   1.6828861e-01
   6.8729565e-01   4.2865308e+00   1.7600344e-01
   6.8907821e-01   4.3475701e+00   1.7209725e-01
   6.7674264e-01   4.2265348e+00   1.8792077e-01
   6.7653608e-01   4.3605353e+00   1.8246133e-01
   6.6857967e-01   4.3442887e+00   1.9014489e-01
   6.6693574e-01   4.4276531e+00   1.8854498e-01
   6.5004777e-01   4.2684035e+00   2.0932228e-01
   6.4413311e-01   4.2646815e+00   2.1456707e-01
   6.3965032e-01   4.2889882e+00   2.1809263e-01
   6.3984865e-01   4.3994157e+00   2.1316774e-01
   6.3485431e-01   4.3846895e+00   2.1802186e-01
   6.1643942e-01   4.2315566e+00   2.3991139e-01
   6.1618108e-01   4.2692025e+00   2.3860287e-01
   6.0998750e-01   4.2529147e+00   2.4427076e-01
   6.1797399e-01   4.4926240e+00   2.2735906e-01
   6.2054664e-01   4.4878232e+00   2.2562985e-01
   6.3080872e-01   4.5575491e+00   2.1362395e-01
   6.3608105e-01   4.6005501e+00   2.0680053e-01
   6.3014447e-01   4.5650351e+00   2.1315557e-01
   6.1988028e-01   4.5249795e+00   2.2396341e-01
   6.1199684e-01   4.5679974e+00   2.2906266e-01
   6.0664085e-01   4.5886368e+00   2.3305553e-01
   6.0443631e-01   4.6296542e+00   2.3378735e-01
   5.9744464e-01   4.4928503e+00   2.4527550e-01
   5.9894571e-01   4.5972253e+00   2.3982911e-01
   5.9352036e-01   4.5875845e+00   2.4456681e-01
   5.9400031e-01   4.4971746e+00   2.4793479e-01
   5.9457088e-01   4.5070441e+00   2.4661160e-01
   5.9423367e-01   4.5070180e+00   2.4635919e-01
   5.9864418e-01   4.5036647e+00   2.4241208e-01
   6.1248429e-01   4.5820761e+00   2.2631139e-01
   6.2325979e-01   4.5648004e+00   2.1765257e-01
   6.3084744e-01   4.5713848e+00   2.0985761e-01
   6.3861628e-01   4.4654350e+00   2.0671972e-01
   6.4327028e-01   4.4914904e+00   2.0066487e-01
   6.5700866e-01   4.5476932e+00   1.8622179e-01
   6.6277120e-01   4.5052993e+00   1.8214425e-01
   6.6366956e-01   4.4149986e+00   1.8427242e-01
   6.6479438e-01   4.4413265e+00   1.8198276e-01
   6.7365065e-01   4.5570700e+00   1.6954995e-01
   6.6938016e-01   4.5420920e+00   1.7364886e-01
   6.6650222e-01   4.5305650e+00   1.7654732e-01
   6.6614288e-01   4.5585621e+00   1.7592571e-01
   6.5970307e-01   4.5385306e+00   1.8225807e-01
   6.5268452e-01   4.5678011e+00   1.8706278e-01
   6.4121777e-01   4.4648324e+00   2.0155863e-01
   6.3265423e-01   4.4628652e+00   2.0881304e-01
   6.3100308e-01   4.5223694e+00   2.0832292e-01
   6.1900955e-01   4.4631158e+00   2.2123976e-01
   6.0776192e-01   4.4215120e+00   2.3248732e-01
   6.1074841e-01   4.5393580e+00   2.2545573e-01
   6.1345518e-01   4.5582455e+00   2.2262843e-01
   6.0391818e-01   4.5839392e+00   2.2967708e-01
   5.9810366e-01   4.5756423e+00   2.3526991e-01
   5.9154046e-01   4.5599720e+00   2.4164666e-01
   5.8956479e-01   4.5695248e+00   2.4302969e-01
   5.7975763e-01   4.5473967e+00   2.5217778e-01
   5.7198337e-01   4.5132373e+00   2.6029219e-01
   5.6457877e-01   4.4735437e+00   2.6832993e-01
   5.6354763e-01   4.4689548e+00   2.6924208e-01
   5.5833403e-01   4.5352242e+00   2.7122052e-01
   5.5843462e-01   4.5851211e+00   2.6884416e-01
   5.5204809e-01   4.6089858e+00   2.7300527e-01
   5.5475513e-01   4.6096919e+00   2.7119478e-01
   5.4756926e-01   4.5827020e+00   2.7851039e-01
   5.3968049e-01   4.5877561e+00   2.8459615e-01
   5.3035956e-01   4.4324809e+00   2.9897155e-01
   5.3604351e-01   4.6053826e+00   2.8701142e-01
   5.3241314e-01   4.6267821e+00   2.8910980e-01
   5.3435637e-01   4.6265811e+00   2.8749332e-01
   5.2987543e-01   4.5634390e+00   2.9399768e-01
   5.2534375e-01   4.5528839e+00   2.9809717e-01
   5.2831852e-01   4.6114497e+00   2.9319863e-01
   5.2936401e-01   4.6558561e+00   2.9011083e-01
   5.2355546e-01   4.6487343e+00   2.9545345e-01
   5.2345109e-01   4.7103767e+00   2.9270966e-01
   5.2237720e-01   4.6617198e+00   2.9574737e-01
   5.1125403e-01   4.5721772e+00   3.0876545e-01
   5.1116927e-01   4.6518903e+00   3.0541004e-01
   5.1087144e-01   4.6301236e+00   3.0679683e-01
   4.9775893e-01   4.5348250e+00   3.2151837e-01
   5.0698413e-01   4.6570454e+00   3.0892850e-01
   5.1185223e-01   4.7526491e+00   3.0074296e-01
   5.1261152e-01   4.8190543e+00   2.9707735e-01
   5.1212546e-01   4.7666182e+00   2.9952047e-01
   5.1138215e-01   4.7492286e+00   3.0075766e-01
   5.1501600e-01   4.8174490e+00   2.9478230e-01
   5.1191010e-01   4.7533379e+00   2.9925095e-01
   5.1372142e-01   4.7571584e+00   2.9700629e-01
   5.2392316e-01   4.7430465e+00   2.8904452e-01
   5.2762020e-01   4.8146143e+00   2.8231704e-01
   5.3171134e-01   4.8255884e+00   2.7750199e-01
   5.4571555e-01   4.8991344e+00   2.6272596e-01
   5.4222496e-01   4.8265014e+00   2.6785613e-01
   5.4996981e-01   4.8631303e+00   2.5955496e-01
   5.5316792e-01   4.8853138e+00   2.5528439e-01
   5.5433255e-01   4.8318424e+00   2.5602586e-01
   5.4546863e-01   4.6909501e+00   2.6936939e-01
   5.4859125e-01   4.8079024e+00   2.6141770e-01
   5.4748265e-01   4.8486036e+00   2.6052017e-01
   5.4745183e-01   4.8454406e+00   2.6041645e-01
   5.3721544e-01   4.7274892e+00   2.7371650e-01
   5.3813642e-01   4.7328339e+00   2.7255267e-01
   5.3513063e-01   4.7454097e+00   2.7489215e-01
   5.3695761e-01   4.7933163e+00   2.7151079e-01
   5.3048290e-01   4.8238574e+00   2.7579652e-01
   5.2567822e-01   4.9012667e+00   2.7685977e-01
   5.1871079e-01   4.7840124e+00   2.8770939e-01
   5.1531039e-01   4.8179415e+00   2.8941853e-01
   5.0442901e-01   4.7263363e+00   3.0256582e-01
   5.0297806e-01   4.7800678e+00   3.0191681e-01
   4.9660686e-01   4.7224631e+00   3.0984032e-01
   4.8752028e-01   4.6976482e+00   3.1842040e-01
   4.8263112e-01   4.7585096e+00   3.2044235e-01
   4.8077175e-01   4.8462293e+00   3.1813183e-01
   4.7902113e-01   4.7767153e+00   3.2244527e-01
   4.7155549e-01   4.7304331e+00   3.3119034e-01
   4.7414318e-01   4.9014734e+00   3.2164750e-01
   4.6803329e-01   4.8730990e+00   3.2785798e-01
   4.6585494e-01   4.7982065e+00   3.3323525e-01
   4.6272235e-01   4.8853073e+00   3.3218727e-01
   4.6203665e-01   4.9189430e+00   3.3116395e-01
   4.6563214e-01   4.9496779e+00   3.2657454e-01
   4.6372632e-01   4.9684977e+00   3.2762531e-01
   4.6449095e-01   5.0034947e+00   3.2520768e-01
   4.6324146e-01   5.0426583e+00   3.2377182e-01
   4.7182910e-01   5.0984698e+00   3.1467552e-01
   4.6350704e-01   5.0677959e+00   3.2295822e-01
   4.5917474e-01   5.1165969e+00   3.2454370e-01
   4.6087258e-01   5.1810421e+00   3.2090729e-01
   4.5650512e-01   5.2067123e+00   3.2376314e-01
   4.4028934e-01   4.9639787e+00   3.4736876e-01
   4.3080168e-01   4.9702224e+00   3.5522560e-01
   4.3251578e-01   4.9334644e+00   3.5521942e-01
   4.3856610e-01   5.0456673e+00   3.4543375e-01
   4.4621351e-01   5.0963388e+00   3.3678073e-01
   4.4247107e-01   5.0492349e+00   3.4109767e-01
   4.4753639e-01   5.0196376e+00   3.3758167e-01
   4.6019542e-01   5.0926265e+00   3.2358272e-01
   4.7222771e-01   5.1189787e+00   3.1136680e-01
   4.8173044e-01   5.0916684e+00   3.0355381e-01
   4.9399200e-01   5.2302987e+00   2.8653718e-01
   5.0382135e-01   5.2293812e+00   2.7745067e-01
   5.1413718e-01   5.1731894e+00   2.7057062e-01
   5.1490516e-01   5.1797627e+00   2.6880617e-01
   5.2306090e-01   5.1702233e+00   2.6181066e-01
   5.2260392e-01   5.1028743e+00   2.6452679e-01
   5.1519827e-01   5.0757827e+00   2.7155039e-01
   5.2470763e-01   5.2105043e+00   2.5812615e-01
   5.1699513e-01   5.1692606e+00   2.6643745e-01
   5.1328134e-01   5.1685295e+00   2.6951918e-01
   5.1174897e-01   5.2066961e+00   2.6930894e-01
   5.0738178e-01   5.1909406e+00   2.7405180e-01
   5.0190959e-01   5.1310426e+00   2.8100168e-01
   4.9436306e-01   5.1653728e+00   2.8641588e-01
   4.8750358e-01   5.1863572e+00   2.9143437e-01
   4.7551583e-01   5.0618349e+00   3.0688373e-01
   4.5913758e-01   5.0156222e+00   3.2254319e-01
   4.5976437e-01   5.1166387e+00   3.1802023e-01
   4.6031157e-01   5.1104431e+00   3.1855091e-01
   4.5175914e-01   5.1473688e+00   3.2420630e-01
   4.4887129e-01   5.1400267e+00   3.2723608e-01
   4.3782063e-01   5.0819882e+00   3.3905198e-01
   4.3751441e-01   5.1429216e+00   3.3719296e-01
   4.3367505e-01   5.1529152e+00   3.3979318e-01
   4.3438753e-01   5.1653456e+00   3.3879380e-01
   4.2701347e-01   5.1418856e+00   3.4664711e-01
   4.2188302e-01   5.1717582e+00   3.4927445e-01
   4.2251809e-01   5.2332559e+00   3.4677116e-01
   4.1628649e-01   5.1731711e+00   3.5440206e-01
   4.1232193e-01   5.1895343e+00   3.5709567e-01
   4.1757811e-01   5.2649976e+00   3.5019448e-01
   4.0927573e-01   5.2222241e+00   3.5833661e-01
   4.0543446e-01   5.2237724e+00   3.6174812e-01
   4.0935125e-01   5.2908826e+00   3.5565619e-01
   3.9902081e-01   5.2537530e+00   3.6549881e-01
   3.9888230e-01   5.2444376e+00   3.6627631e-01
   3.9315586e-01   5.1724653e+00   3.7385381e-01
   3.9807892e-01   5.3283363e+00   3.6315907e-01
   3.9812700e-01   5.3622999e+00   3.6170654e-01
   3.9172790e-01   5.2784390e+00   3.7071866e-01
   3.9260307e-01   5.3431887e+00   3.6687427e-01
   3.8841416e-01   5.3248088e+00   3.7125582e-01
   3.9166331e-01   5.3339762e+00   3.6807180e-01
   3.9169489e-01   5.3824432e+00   3.6611398e-01
   3.8835540e-01   5.4471610e+00   3.6636283e-01
   3.8742939e-01   5.3842242e+00   3.6968102e-01
   3.8612271e-01   5.3911721e+00   3.7020629e-01
   3.8828804e-01   5.4313195e+00   3.6667505e-01
   3.8169980e-01   5.4049709e+00   3.7312469e-01
   3.7393054e-01   5.3163909e+00   3.8311523e-01
   3.8158081e-01   5.4030922e+00   3.7338411e-01
   3.8198283e-01   5.4112446e+00   3.7236314e-01
   3.7558758e-01   5.2983527e+00   3.8231913e-01
   3.7276601e-01   5.2234480e+00   3.8728913e-01
   3.7549404e-01   5.2233794e+00   3.8493151e-01
   3.8638179e-01   5.3955728e+00   3.6793439e-01
   3.9183911e-01   5.3913296e+00   3.6311878e-01
   3.9676426e-01   5.3970527e+00   3.5796424e-01
   4.0215044e-01   5.3555892e+00   3.5475202e-01
   4.0626074e-01   5.3754590e+00   3.5013498e-01
   4.0946780e-01   5.3573564e+00   3.4729346e-01
   4.1245998e-01   5.3496304e+00   3.4481251e-01
   4.1436289e-01   5.3297893e+00   3.4337580e-01
   4.1608844e-01   5.4116331e+00   3.3810487e-01
   4.2003991e-01   5.4095287e+00   3.3488690e-01
   4.2435429e-01   5.3759128e+00   3.3236469e-01
   4.2051832e-01   5.4024786e+00   3.3451176e-01
   4.2148188e-01   5.3986622e+00   3.3394213e-01
   4.1794880e-01   5.4201926e+00   3.3587111e-01
   4.1205254e-01   5.4075623e+00   3.4147794e-01
   4.1184065e-01   5.3414117e+00   3.4461487e-01
   4.0361644e-01   5.3810600e+00   3.4972364e-01
   4.0138539e-01   5.3855691e+00   3.5129971e-01
   3.9567376e-01   5.4086348e+00   3.5560528e-01
   3.9026171e-01   5.3848222e+00   3.6140334e-01
   3.8779874e-01   5.4510528e+00   3.6089292e-01
   3.7619689e-01   5.2605060e+00   3.7859750e-01
   3.7364046e-01   5.3947156e+00   3.7548229e-01
   3.7219689e-01   5.4143838e+00   3.7618612e-01
   3.7155066e-01   5.4612203e+00   3.7508588e-01
   3.6804280e-01   5.3919155e+00   3.8117245e-01
   3.5941183e-01   5.4389988e+00   3.8642424e-01
   3.5433151e-01   5.4382232e+00   3.9083071e-01
   3.4675430e-01   5.3807332e+00   3.9978556e-01
   3.4701294e-01   5.4185501e+00   3.9820102e-01
   3.4129736e-01   5.3708923e+00   4.0470463e-01
   3.4427591e-01   5.4457711e+00   3.9911341e-01
   3.3768470e-01   5.4484599e+00   4.0434995e-01
   3.3555914e-01   5.4436280e+00   4.0640040e-01
   3.3499263e-01   5.5061731e+00   4.0403871e-01
   3.3948057e-01   5.5844364e+00   3.9695367e-01
   3.3620754e-01   5.5474687e+00   4.0103916e-01
   3.3947318e-01   5.6416376e+00   3.9406060e-01
   3.4372077e-01   5.5749818e+00   3.9284573e-01
   3.4323249e-01   5.5944339e+00   3.9194467e-01
   3.2928784e-01   5.5786448e+00   4.0521565e-01
   3.2425383e-01   5.5836070e+00   4.0954759e-01
   3.1909531e-01   5.5886212e+00   4.1421911e-01
   3.2353859e-01   5.7397250e+00   4.0435422e-01
   3.1846349e-01   5.7032372e+00   4.1017208e-01
   3.1183525e-01   5.6277840e+00   4.1873380e-01
   3.0466311e-01   5.4928460e+00   4.2992409e-01
   3.1105215e-01   5.5228952e+00   4.2329870e-01
   3.1776060e-01   5.5303984e+00   4.1698084e-01
   3.2439145e-01   5.4896229e+00   4.1265578e-01
   3.3625506e-01   5.5843499e+00   3.9748305e-01
   3.4855861e-01   5.5660278e+00   3.8691907e-01
   3.5842205e-01   5.6194489e+00   3.7518882e-01
   3.7399808e-01   5.6896660e+00   3.5846033e-01
   3.8598284e-01   5.7026212e+00   3.4704638e-01
   3.8831246e-01   5.6683776e+00   3.4561402e-01
   3.9886987e-01   5.6745500e+00   3.3585384e-01
   4.0177575e-01   5.6847240e+00   3.3265107e-01
   3.9999030e-01   5.6165319e+00   3.3650900e-01
   4.0201857e-01   5.6912475e+00   3.3160892e-01
   3.8976898e-01   5.5799521e+00   3.4617006e-01
   3.9441736e-01   5.7749716e+00   3.3450093e-01
   3.8616058e-01   5.5991066e+00   3.4883413e-01
   3.8042618e-01   5.6136050e+00   3.5324861e-01
   3.8111367e-01   5.6751902e+00   3.5044591e-01
   3.7507411e-01   5.7179858e+00   3.5403024e-01
   3.6873057e-01   5.6833947e+00   3.6083440e-01
   3.6442194e-01   5.7514328e+00   3.6207919e-01
   3.5884292e-01   5.7321363e+00   3.6801491e-01
   3.5891973e-01   5.8466947e+00   3.6339309e-01
   3.5095378e-01   5.7537727e+00   3.7442186e-01
   3.4696344e-01   5.8237553e+00   3.7469621e-01
   3.3966398e-01   5.7981316e+00   3.8223720e-01
   3.2796395e-01   5.7460009e+00   3.9455407e-01
   3.1533733e-01   5.5960963e+00   4.1148201e-01
   3.0793190e-01   5.5574915e+00   4.1934528e-01
   3.0561609e-01   5.6122327e+00   4.1920618e-01
   3.0846711e-01   5.7318101e+00   4.1202784e-01
   3.1167861e-01   5.8689402e+00   4.0380616e-01
   3.0807246e-01   5.8443145e+00   4.0771352e-01
   3.0459531e-01   5.7946991e+00   4.1300750e-01
   2.9620053e-01   5.7676462e+00   4.2089399e-01
   2.8841873e-01   5.7239814e+00   4.2929209e-01
   2.8831299e-01   5.7174889e+00   4.2977025e-01
   2.7740457e-01   5.6117421e+00   4.4317415e-01
   2.7860200e-01   5.6894663e+00   4.3911308e-01
   2.8474815e-01   5.8464458e+00   4.2771890e-01
   2.8451020e-01   5.8363057e+00   4.2845767e-01
   2.8194922e-01   5.8622035e+00   4.2947430e-01
   2.8312882e-01   5.9291163e+00   4.2549529e-01
   2.7975880e-01   5.8704744e+00   4.3074899e-01
   2.7348445e-01   5.7808080e+00   4.3964303e-01
   2.5708304e-01   5.6460958e+00   4.5872996e-01
   2.6692737e-01   5.7517562e+00   4.4630605e-01
   2.5952849e-01   5.7294024e+00   4.5295852e-01
   2.6291508e-01   5.8427087e+00   4.4523120e-01
   2.6708076e-01   5.8936321e+00   4.3969000e-01
   2.6397312e-01   5.9782583e+00   4.3875928e-01
   2.6902205e-01   6.0033866e+00   4.3354060e-01
   2.6049036e-01   5.8736147e+00   4.4595044e-01
   2.5844052e-01   5.8811457e+00   4.4756422e-01
   2.5217576e-01   5.8422690e+00   4.5425677e-01
   2.5754332e-01   5.9484731e+00   4.4516634e-01
   2.5225417e-01   5.8704242e+00   4.5265041e-01
   2.5330515e-01   5.8747580e+00   4.5120983e-01
   2.5345623e-01   5.8859397e+00   4.5054868e-01
   2.5344069e-01   5.9701630e+00   4.4722263e-01
   2.6137504e-01   5.9671755e+00   4.4063640e-01
   2.5776403e-01   5.9351776e+00   4.4438548e-01
   2.5905406e-01   5.8557647e+00   4.4624368e-01
   2.6420677e-01   6.0096256e+00   4.3559892e-01
   2.6348263e-01   6.0277144e+00   4.3478803e-01
   2.7264279e-01   6.0582152e+00   4.2554567e-01
   2.7782458e-01   6.0049287e+00   4.2299608e-01
   2.8140589e-01   6.0073455e+00   4.1973182e-01
   2.7709627e-01   5.9690231e+00   4.2414995e-01
   2.8637987e-01   6.0753271e+00   4.1207778e-01
   2.9065556e-01   6.0342478e+00   4.0945643e-01
   2.7931925e-01   5.9333476e+00   4.2298670e-01
   2.8490226e-01   6.0608472e+00   4.1267407e-01
   2.9115458e-01   6.1601315e+00   4.0320994e-01
   2.8584241e-01   6.1070156e+00   4.0950932e-01
   2.8869455e-01   6.0861324e+00   4.0780058e-01
   2.7974212e-01   6.0472225e+00   4.1715959e-01
   2.7524453e-01   6.0489453e+00   4.2058154e-01
   2.7312672e-01   6.0023258e+00   4.2427805e-01
   2.6709032e-01   5.9593678e+00   4.3161224e-01
   2.6365485e-01   6.0106009e+00   4.3230290e-01
   2.6789565e-01   6.0056138e+00   4.2931125e-01
   2.6543068e-01   6.0842526e+00   4.2817562e-01
   2.5736856e-01   6.0966357e+00   4.3442709e-01
   2.5206442e-01   6.0819561e+00   4.3954842e-01
   2.4630771e-01   6.0687340e+00   4.4496833e-01
   2.4050635e-01   5.9973964e+00   4.5281023e-01
   2.2909457e-01   5.9748577e+00   4.6365940e-01
   2.3094500e-01   6.0147113e+00   4.6049637e-01
   2.3787183e-01   6.1649687e+00   4.4908623e-01
   2.2877271e-01   6.1122386e+00   4.5856305e-01
   2.2734654e-01   6.1724685e+00   4.5734334e-01
   2.1308133e-01   6.0510087e+00   4.7442726e-01
   2.1041943e-01   6.0470318e+00   4.7693874e-01
   2.1159241e-01   6.1143075e+00   4.7291853e-01
   2.0623723e-01   6.0674070e+00   4.7916677e-01
   2.1528489e-01   6.2052663e+00   4.6560935e-01
   2.2313451e-01   6.2718675e+00   4.5622035e-01
   2.2912318e-01   6.3092795e+00   4.4886414e-01
   2.4076904e-01   6.3035460e+00   4.3761259e-01
   1.8334758e-01   6.1426351e+00   4.9678861e-01
   1.8644369e-01   6.2659635e+00   4.8875239e-01
   1.8814493e-01   6.2568546e+00   4.8778391e-01
   1.7822158e-01   6.0234574e+00   5.0582749e-01
   1.9565540e-01   6.0721208e+00   4.8802743e-01
   2.1493251e-01   6.1546593e+00   4.6703379e-01
   2.3844119e-01   6.2637421e+00   4.4131422e-01
   2.5432132e-01   6.2663564e+00   4.2597429e-01
   2.7682356e-01   6.2766656e+00   4.0505618e-01
   2.9119496e-01   6.2134105e+00   3.9398978e-01
   2.9893317e-01   6.2240029e+00   3.8594209e-01
   3.1340718e-01   6.2179528e+00   3.7351335e-01
   3.2734860e-01   6.3052601e+00   3.5761866e-01
   3.2443305e-01   6.2844927e+00   3.6086242e-01
   3.1512511e-01   6.2593250e+00   3.6947863e-01
   3.0761989e-01   6.2401858e+00   3.7656143e-01
   3.0515562e-01   6.2171797e+00   3.7973049e-01
   2.9440903e-01   6.2201029e+00   3.8908363e-01
   2.8812593e-01   6.1689745e+00   3.9698736e-01
   2.7788383e-01   6.1366623e+00   4.0736176e-01
   2.6827545e-01   6.0911247e+00   4.1731294e-01
   2.6024121e-01   6.0084560e+00   4.2736871e-01
   2.5319002e-01   6.0290075e+00   4.3304507e-01
   2.4068227e-01   5.9952474e+00   4.4489202e-01
   2.3876807e-01   6.0269354e+00   4.4552106e-01
   2.4105304e-01   6.0899700e+00   4.4151668e-01
   2.3458138e-01   6.1469674e+00   4.4483024e-01
   2.3014325e-01   6.1421011e+00   4.4879433e-01
   2.3086983e-01   6.1947319e+00   4.4633420e-01
   2.3087793e-01   6.1967204e+00   4.4639103e-01
   2.2393453e-01   6.2336282e+00   4.5095398e-01
   2.2080951e-01   6.2122494e+00   4.5463325e-01
   2.1843065e-01   6.2031187e+00   4.5709474e-01
   2.1102157e-01   6.1879702e+00   4.6378612e-01
   2.0504510e-01   6.1560847e+00   4.7026830e-01
   2.1183878e-01   6.2221466e+00   4.6176796e-01
   2.0053778e-01   6.1827265e+00   4.7253179e-01
   1.9784747e-01   6.1418766e+00   4.7695230e-01
   2.0088179e-01   6.2005613e+00   4.7181185e-01
   1.9580440e-01   6.2066407e+00   4.7611646e-01
   2.0117115e-01   6.3269460e+00   4.6637550e-01
   1.9767438e-01   6.2506649e+00   4.7270308e-01
   1.9625974e-01   6.2448673e+00   4.7421119e-01
   1.8954577e-01   6.2003702e+00   4.8144052e-01
   1.8780968e-01   6.2073115e+00   4.8254754e-01
   1.8575589e-01   6.1870597e+00   4.8511829e-01
   1.8959470e-01   6.2340412e+00   4.8021507e-01
   1.8866535e-01   6.3082677e+00   4.7729063e-01
   1.8432953e-01   6.2894057e+00   4.8187278e-01
   1.7583678e-01   6.1724763e+00   4.9385155e-01
   1.8203245e-01   6.2294720e+00   4.8635383e-01
   1.8941467e-01   6.3361240e+00   4.7575927e-01
   1.7432388e-01   6.2320206e+00   4.9242153e-01
   1.7210111e-01   6.2027422e+00   4.9534783e-01
   1.7215079e-01   6.1965495e+00   4.9538520e-01
   1.6475190e-01   6.1136780e+00   5.0491900e-01
   1.8298478e-01   6.3462276e+00   4.7992040e-01
   1.8279986e-01   6.3381537e+00   4.8092610e-01
   1.8041147e-01   6.4175448e+00   4.7913070e-01
   1.7502439e-01   6.2956212e+00   4.8887638e-01
   1.6653229e-01   6.2328654e+00   4.9838959e-01
   1.6817260e-01   6.3008396e+00   4.9393632e-01
   1.6484758e-01   6.2961319e+00   4.9670260e-01
   1.6124205e-01   6.1215992e+00   5.0731901e-01
   1.6944446e-01   6.3466410e+00   4.9116621e-01
   1.6332189e-01   6.2595457e+00   4.9963135e-01
   1.6260699e-01   6.2542328e+00   5.0041665e-01
   1.6270056e-01   6.2964272e+00   4.9886752e-01
   1.6454597e-01   6.3411994e+00   4.9512771e-01
   1.7020714e-01   6.3814047e+00   4.8881749e-01
   1.7096453e-01   6.4224306e+00   4.8634823e-01
   1.7167165e-01   6.4703404e+00   4.8400649e-01
   1.5958500e-01   6.4231913e+00   4.9579835e-01
   1.6458230e-01   6.4406197e+00   4.9095458e-01
   8.5808717e-01   1.1401422e+00   1.7869393e-01
   8.6040186e-01   1.2768490e+00   1.7124189e-01
   8.5459207e-01   1.3301085e+00   1.7436029e-01
   8.5097059e-01   1.4092289e+00   1.7458913e-01
   8.4710234e-01   1.4188280e+00   1.7762028e-01
   8.3813557e-01   1.4555167e+00   1.8364518e-01
   8.3426604e-01   1.4507308e+00   1.8728018e-01
   8.3200433e-01   1.6041080e+00   1.8283196e-01
   8.3032168e-01   1.5753369e+00   1.8547346e-01
   8.2361677e-01   1.6935514e+00   1.8606599e-01
   8.2763377e-01   1.7232553e+00   1.8183805e-01
   8.3085059e-01   1.8714389e+00   1.7330464e-01
   8.2733667e-01   1.9048981e+00   1.7475496e-01
   8.2611482e-01   1.9533315e+00   1.7429209e-01
   8.2458920e-01   1.9816615e+00   1.7426340e-01
   8.1762247e-01   2.0283105e+00   1.7853537e-01
   8.2577181e-01   2.1972340e+00   1.6454011e-01
   8.2564909e-01   2.1998156e+00   1.6495719e-01
   8.2837728e-01   2.3886367e+00   1.5468645e-01
   8.2754258e-01   2.3756213e+00   1.5607700e-01
   8.2697030e-01   2.3980554e+00   1.5530994e-01
   8.2152836e-01   2.3938143e+00   1.6023380e-01
   8.2648535e-01   2.4984223e+00   1.5188087e-01
   8.2850320e-01   2.5957831e+00   1.4616027e-01
   8.3560176e-01   2.7227974e+00   1.3478895e-01
   8.2466424e-01   2.6152598e+00   1.4830967e-01
   8.1968511e-01   2.6656194e+00   1.5049808e-01
   8.0674306e-01   2.5109795e+00   1.6754057e-01
   8.0640862e-01   2.5762256e+00   1.6479052e-01
   8.0428291e-01   2.6419983e+00   1.6369072e-01
   8.0311585e-01   2.6424693e+00   1.6481826e-01
   7.9981693e-01   2.6468291e+00   1.6689491e-01
   7.9263709e-01   2.6077259e+00   1.7441712e-01
   7.9373332e-01   2.6821360e+00   1.7003600e-01
   7.9759500e-01   2.6569264e+00   1.6796762e-01
   7.9659906e-01   2.7256338e+00   1.6606407e-01
   7.9684638e-01   2.8158087e+00   1.6179566e-01
   7.9544658e-01   2.7778509e+00   1.6427550e-01
   7.9629886e-01   2.8840947e+00   1.5908880e-01
   8.0122804e-01   2.9433209e+00   1.5236678e-01
   7.9886780e-01   2.9190799e+00   1.5513366e-01
   7.9249887e-01   2.9077110e+00   1.6055650e-01
   7.9709457e-01   2.9230016e+00   1.5543978e-01
   8.0396297e-01   3.0429523e+00   1.4513418e-01
   8.0469885e-01   2.9709072e+00   1.4685339e-01
   8.0308437e-01   2.9154708e+00   1.4970348e-01
   8.0397593e-01   2.9130322e+00   1.4901244e-01
   8.0964705e-01   2.9127410e+00   1.4373135e-01
   8.1439489e-01   2.9705748e+00   1.3664950e-01
   8.2520573e-01   3.0065212e+00   1.2613928e-01
   8.1993434e-01   3.0522083e+00   1.2767278e-01
   8.2325801e-01   2.9227656e+00   1.3035722e-01
   8.2246774e-01   3.0165392e+00   1.2669799e-01
   8.2553765e-01   3.0384199e+00   1.2287402e-01
   8.2090523e-01   2.9400273e+00   1.3083627e-01
   8.1091316e-01   2.8172169e+00   1.4386150e-01
   8.0790392e-01   2.7948324e+00   1.4713133e-01
   8.1357856e-01   2.9775740e+00   1.3504664e-01
   8.0772694e-01   2.8957791e+00   1.4304908e-01
   8.0458865e-01   2.9331051e+00   1.4426566e-01
   8.0883828e-01   3.0268283e+00   1.3725014e-01
   8.0381678e-01   2.9599489e+00   1.4449878e-01
   7.9273183e-01   3.0394240e+00   1.5020783e-01
   7.8715996e-01   2.9577150e+00   1.5860303e-01
   7.8119954e-01   2.9309586e+00   1.6455877e-01
   7.8139935e-01   3.0617867e+00   1.5915074e-01
   7.7733483e-01   3.1118887e+00   1.6121803e-01
   7.7715920e-01   3.1348313e+00   1.6031852e-01
   7.7610192e-01   3.1511411e+00   1.6067643e-01
   7.5677555e-01   3.0288735e+00   1.8178131e-01
   7.4939447e-01   3.0069180e+00   1.8879508e-01
   7.5412151e-01   3.1461278e+00   1.7964819e-01
   7.4730856e-01   3.1558303e+00   1.8502992e-01
   7.3942657e-01   3.0329149e+00   1.9680516e-01
   7.3518366e-01   3.1023197e+00   1.9718721e-01
   7.2649062e-01   3.0610502e+00   2.0629671e-01
   7.2354743e-01   3.0673742e+00   2.0813862e-01
   7.3130012e-01   3.2336976e+00   1.9524540e-01
   7.2497943e-01   3.1836317e+00   2.0241004e-01
   7.1899217e-01   3.1338841e+00   2.0936444e-01
   7.2340622e-01   3.1655700e+00   2.0368608e-01
   7.2781157e-01   3.3007886e+00   1.9437132e-01
   7.2779768e-01   3.3589010e+00   1.9192596e-01
   7.1533808e-01   3.2181718e+00   2.0863393e-01
   7.0452194e-01   3.2019589e+00   2.1835113e-01
   7.0644713e-01   3.2705936e+00   2.1446009e-01
   6.9738739e-01   3.2760457e+00   2.2169257e-01
   6.9321479e-01   3.2383297e+00   2.2715483e-01
   6.9018909e-01   3.1654233e+00   2.3269494e-01
   6.8789566e-01   3.1913623e+00   2.3309424e-01
   6.9339019e-01   3.2140460e+00   2.2730051e-01
   6.9537479e-01   3.2033437e+00   2.2572758e-01
   6.9524054e-01   3.1507154e+00   2.2709172e-01
   7.0548972e-01   3.2567342e+00   2.1312374e-01
   7.2217134e-01   3.3287036e+00   1.9533188e-01
   7.2931727e-01   3.2318007e+00   1.9229548e-01
   7.4064566e-01   3.3301468e+00   1.7745070e-01
   7.5399919e-01   3.2898259e+00   1.6711889e-01
   7.5172011e-01   3.1919724e+00   1.7210330e-01
   7.6246638e-01   3.2422352e+00   1.5982760e-01
   7.7832759e-01   3.3255669e+00   1.4226406e-01
   7.7973106e-01   3.3820497e+00   1.3883173e-01
   7.7546912e-01   3.2571973e+00   1.4748377e-01
   7.8076134e-01   3.3781014e+00   1.3766311e-01
   7.7089616e-01   3.2767346e+00   1.5026404e-01
   7.6555685e-01   3.3375450e+00   1.5214266e-01
   7.5956922e-01   3.2908943e+00   1.5935411e-01
   7.4803230e-01   3.2255595e+00   1.7192858e-01
   7.4438410e-01   3.2710842e+00   1.7317777e-01
   7.4137152e-01   3.2907949e+00   1.7507702e-01
   7.2907227e-01   3.1933824e+00   1.8959460e-01
   7.2949322e-01   3.3170668e+00   1.8490157e-01
   7.2984757e-01   3.4083034e+00   1.8100962e-01
   7.1699607e-01   3.3168154e+00   1.9610887e-01
   7.0794723e-01   3.3046700e+00   2.0439198e-01
   6.9649976e-01   3.2305552e+00   2.1738922e-01
   6.9109232e-01   3.2563852e+00   2.2123992e-01
   6.9115644e-01   3.3360910e+00   2.1820190e-01
   6.7642559e-01   3.2353961e+00   2.3462289e-01
   6.6941728e-01   3.2172130e+00   2.4173217e-01
   6.5805165e-01   3.0913390e+00   2.5642210e-01
   6.4967608e-01   3.0799231e+00   2.6407334e-01
   6.5117107e-01   3.1935250e+00   2.5849365e-01
   6.5560276e-01   3.3117924e+00   2.5033193e-01
   6.5614623e-01   3.3548813e+00   2.4782141e-01
   6.3978557e-01   3.2983823e+00   2.6360861e-01
   6.4094094e-01   3.2198554e+00   2.6620183e-01
   6.4113072e-01   3.3599357e+00   2.6045544e-01
   6.3170352e-01   3.3229357e+00   2.6964909e-01
   6.2955764e-01   3.2804690e+00   2.7338107e-01
   6.2458951e-01   3.2662244e+00   2.7836580e-01
   6.2789764e-01   3.4255889e+00   2.6880572e-01
   6.2752754e-01   3.4106117e+00   2.6955948e-01
   6.2083971e-01   3.4131736e+00   2.7501077e-01
   6.2051615e-01   3.4199355e+00   2.7498917e-01
   6.1348545e-01   3.4203998e+00   2.8058354e-01
   6.1019128e-01   3.3514103e+00   2.8653170e-01
   6.1620747e-01   3.4837148e+00   2.7594336e-01
   6.1682106e-01   3.4743002e+00   2.7587185e-01
   6.1852013e-01   3.5756544e+00   2.7023669e-01
   6.2116954e-01   3.6668254e+00   2.6400249e-01
   6.1557333e-01   3.6667053e+00   2.6866164e-01
   6.2130119e-01   3.7099876e+00   2.6168374e-01
   6.1386251e-01   3.6706765e+00   2.6963721e-01
   6.1425327e-01   3.7172597e+00   2.6745144e-01
   6.1753292e-01   3.6986352e+00   2.6553451e-01
   6.1162114e-01   3.7041184e+00   2.6981768e-01
   6.1135523e-01   3.7116728e+00   2.6960720e-01
   6.0844884e-01   3.5748814e+00   2.7774665e-01
   6.0235840e-01   3.5496565e+00   2.8353158e-01
   6.0749302e-01   3.6383417e+00   2.7538109e-01
   6.0853329e-01   3.6908857e+00   2.7220531e-01
   6.1490545e-01   3.7001726e+00   2.6590865e-01
   6.1607550e-01   3.6718578e+00   2.6557944e-01
   6.2522431e-01   3.7343776e+00   2.5492027e-01
   6.2788129e-01   3.8320818e+00   2.4793744e-01
   6.3202242e-01   3.7281607e+00   2.4848184e-01
   6.3757073e-01   3.7447773e+00   2.4218205e-01
   6.4515110e-01   3.8272255e+00   2.3201815e-01
   6.4166785e-01   3.7496250e+00   2.3759902e-01
   6.5399534e-01   3.8273408e+00   2.2382422e-01
   6.5834056e-01   3.8664849e+00   2.1819898e-01
   6.5415699e-01   3.8257896e+00   2.2307072e-01
   6.5665163e-01   3.8838207e+00   2.1826094e-01
   6.5019598e-01   3.7552278e+00   2.2848727e-01
   6.4830070e-01   3.7630996e+00   2.2977979e-01
   6.3911834e-01   3.7307381e+00   2.3873732e-01
   6.3523467e-01   3.6831057e+00   2.4431362e-01
   6.3945205e-01   3.7755780e+00   2.3679916e-01
   6.3348036e-01   3.7135539e+00   2.4490338e-01
   6.3102644e-01   3.7442833e+00   2.4556765e-01
   6.2317783e-01   3.7478868e+00   2.5193408e-01
   6.1909371e-01   3.7866736e+00   2.5410808e-01
   6.1128384e-01   3.7752138e+00   2.6136722e-01
   6.0064171e-01   3.7676454e+00   2.7038272e-01
   5.9977308e-01   3.7552445e+00   2.7234272e-01
   5.9265714e-01   3.7202696e+00   2.7986804e-01
   5.8350846e-01   3.6846769e+00   2.8940003e-01
   5.8238764e-01   3.8262274e+00   2.8447537e-01
   5.7996960e-01   3.7639279e+00   2.8931515e-01
   5.6828224e-01   3.7334713e+00   3.0042938e-01
   5.6098946e-01   3.6645403e+00   3.0986818e-01
   5.5713876e-01   3.6373988e+00   3.1425267e-01
   5.5586900e-01   3.7284116e+00   3.1174417e-01
   5.4679100e-01   3.7274491e+00   3.1885290e-01
   5.4342980e-01   3.7374464e+00   3.2162671e-01
   5.5999838e-01   3.9122390e+00   3.0062430e-01
   5.5732451e-01   3.8862766e+00   3.0384666e-01
   5.5151840e-01   3.9444278e+00   3.0621496e-01
   5.5244672e-01   3.9866457e+00   3.0320415e-01
   5.6627992e-01   4.0623153e+00   2.8786840e-01
   5.7247978e-01   4.1312191e+00   2.7929396e-01
   5.3098731e-01   3.9337694e+00   3.2483913e-01
   5.2572129e-01   3.9064630e+00   3.3076020e-01
   5.3147402e-01   4.0026029e+00   3.2147887e-01
   5.3608088e-01   4.0200712e+00   3.1619941e-01
   5.4168060e-01   3.9420999e+00   3.1425998e-01
   5.5073080e-01   3.8561252e+00   3.0864403e-01
   5.6538517e-01   3.9251038e+00   2.9221606e-01
   5.9238652e-01   4.0187306e+00   2.6444520e-01
   6.0284002e-01   3.9263032e+00   2.5806837e-01
   6.1409425e-01   3.8485594e+00   2.5018325e-01
   6.2373932e-01   3.8533872e+00   2.4083219e-01
   6.2689808e-01   3.8938254e+00   2.3559859e-01
   6.2922625e-01   3.7837266e+00   2.3754572e-01
   6.3799083e-01   3.8482906e+00   2.2756606e-01
   6.3991945e-01   3.9176654e+00   2.2288754e-01
   6.3430438e-01   3.8024964e+00   2.3243461e-01
   6.2865616e-01   3.8693524e+00   2.3447562e-01
   6.2319096e-01   3.8685765e+00   2.3940663e-01
   6.1560369e-01   3.8317955e+00   2.4758712e-01
   6.0504624e-01   3.7826947e+00   2.5860596e-01
   5.9490296e-01   3.7821341e+00   2.6725629e-01
   5.9011356e-01   3.8154421e+00   2.7019645e-01
   5.9282378e-01   3.9103672e+00   2.6464288e-01
   5.9137051e-01   4.0521524e+00   2.6028812e-01
   5.8289713e-01   3.9673233e+00   2.7119154e-01
   5.8013557e-01   4.0042735e+00   2.7229184e-01
   5.7299094e-01   4.0445201e+00   2.7697951e-01
   5.6166564e-01   3.9767004e+00   2.8887976e-01
   5.6126571e-01   3.9742015e+00   2.9004039e-01
   5.5327005e-01   4.0125130e+00   2.9524962e-01
   5.4634086e-01   3.9472895e+00   3.0384769e-01
   5.3820153e-01   3.9505857e+00   3.1075507e-01
   5.3517501e-01   3.9476238e+00   3.1357730e-01
   5.3363433e-01   3.9527091e+00   3.1441414e-01
   5.3437020e-01   4.0326042e+00   3.1056498e-01
   5.2602514e-01   3.9763603e+00   3.1987709e-01
   5.2595177e-01   3.9927346e+00   3.1933701e-01
   5.2347887e-01   3.9958554e+00   3.2117200e-01
   5.1762852e-01   3.9532445e+00   3.2797023e-01
   5.1265099e-01   3.8913121e+00   3.3479074e-01
   5.1342909e-01   3.9935347e+00   3.2985408e-01
   5.1229100e-01   4.0289239e+00   3.2926091e-01
   5.1025624e-01   4.0529680e+00   3.2966702e-01
   5.1336184e-01   4.1214321e+00   3.2425789e-01
   5.1335173e-01   4.1156664e+00   3.2451727e-01
   5.1135427e-01   4.1657321e+00   3.2408925e-01
   5.1103240e-01   4.1531108e+00   3.2472782e-01
   5.1257617e-01   4.2518091e+00   3.1953168e-01
   5.0957164e-01   4.2706119e+00   3.2083822e-01
   5.0685575e-01   4.1528469e+00   3.2827050e-01
   5.0128080e-01   4.1613157e+00   3.3229195e-01
   5.0517610e-01   4.2010563e+00   3.2725262e-01
   5.0056288e-01   4.1794965e+00   3.3173121e-01
   4.9716721e-01   4.2315423e+00   3.3233147e-01
   4.9959431e-01   4.2149546e+00   3.3114977e-01
   4.9445762e-01   4.2292651e+00   3.3472121e-01
   4.9935475e-01   4.2461154e+00   3.2993596e-01
   4.9948862e-01   4.3500807e+00   3.2527426e-01
   4.9076973e-01   4.2374592e+00   3.3710854e-01
   4.9224368e-01   4.2805625e+00   3.3412703e-01
   4.9834625e-01   4.4116476e+00   3.2321740e-01
   4.8865110e-01   4.2565695e+00   3.3810416e-01
   4.8397292e-01   4.2256638e+00   3.4269689e-01
   4.8171490e-01   4.2838197e+00   3.4204858e-01
   4.8084509e-01   4.2346305e+00   3.4471484e-01
   4.6727063e-01   4.2187330e+00   3.5660898e-01
   4.7245349e-01   4.2189481e+00   3.5214847e-01
   4.7396235e-01   4.2719590e+00   3.4909591e-01
   4.7122911e-01   4.2597175e+00   3.5172208e-01
   4.6214717e-01   4.1323336e+00   3.6460863e-01
   4.5450125e-01   4.1183292e+00   3.7119894e-01
   4.6199556e-01   4.2001517e+00   3.6163771e-01
   4.6352367e-01   4.2552961e+00   3.5797696e-01
   4.6275702e-01   4.3109591e+00   3.5617268e-01
   4.6856053e-01   4.3905609e+00   3.4816682e-01
   4.6386898e-01   4.3381696e+00   3.5444101e-01
   4.5810223e-01   4.3508971e+00   3.5834344e-01
   4.5280780e-01   4.3006053e+00   3.6493824e-01
   4.5153818e-01   4.2910049e+00   3.6600674e-01
   4.5753242e-01   4.4410547e+00   3.5524333e-01
   4.5126275e-01   4.3241612e+00   3.6506457e-01
   4.4336990e-01   4.2899668e+00   3.7293300e-01
   4.4532064e-01   4.2783771e+00   3.7166550e-01
   4.4061158e-01   4.2798292e+00   3.7570154e-01
   4.4240455e-01   4.3088468e+00   3.7287978e-01
   4.4073777e-01   4.3919761e+00   3.7060988e-01
   4.3551510e-01   4.3031352e+00   3.7862546e-01
   4.3959308e-01   4.3750659e+00   3.7263844e-01
   4.3624736e-01   4.3903016e+00   3.7442327e-01
   4.3275749e-01   4.3463153e+00   3.7925691e-01
   4.3073342e-01   4.3428920e+00   3.8118937e-01
   4.3624873e-01   4.4202406e+00   3.7303263e-01
   4.3725378e-01   4.5152299e+00   3.6828854e-01
   4.3287441e-01   4.4775545e+00   3.7339179e-01
   4.3166722e-01   4.3992672e+00   3.7763448e-01
   4.2984303e-01   4.4079296e+00   3.7882518e-01
   4.2326812e-01   4.4402657e+00   3.8288745e-01
   4.2061763e-01   4.4688243e+00   3.8375126e-01
   4.2199922e-01   4.4195296e+00   3.8448540e-01
   4.2650334e-01   4.5460276e+00   3.7579036e-01
   4.1912553e-01   4.4184133e+00   3.8708115e-01
   4.1784013e-01   4.4901274e+00   3.8486751e-01
   4.2519076e-01   4.5970087e+00   3.7446187e-01
   4.2500404e-01   4.6406693e+00   3.7281607e-01
   4.2070875e-01   4.6699353e+00   3.7500203e-01
   4.1800967e-01   4.5989799e+00   3.8060260e-01
   4.1777704e-01   4.5592646e+00   3.8237605e-01
   4.0895864e-01   4.5005833e+00   3.9163730e-01
   4.0915009e-01   4.5861300e+00   3.8779810e-01
   4.0968915e-01   4.5933431e+00   3.8744423e-01
   4.0806399e-01   4.6197639e+00   3.8727769e-01
   4.0540488e-01   4.6010299e+00   3.9037727e-01
   4.0142105e-01   4.5855283e+00   3.9411930e-01
   3.8982340e-01   4.4371422e+00   4.0999537e-01
   3.9196637e-01   4.5050012e+00   4.0498817e-01
   3.8881699e-01   4.4563504e+00   4.0980884e-01
   3.9335168e-01   4.6108846e+00   3.9922287e-01
   3.9636405e-01   4.5650425e+00   3.9870128e-01
   3.8551271e-01   4.5252874e+00   4.0903665e-01
   3.8179267e-01   4.4756714e+00   4.1443606e-01
   3.8682678e-01   4.6431939e+00   4.0344103e-01
   3.8814417e-01   4.6822289e+00   4.0050443e-01
   3.8423180e-01   4.6832583e+00   4.0346330e-01
   3.8609570e-01   4.6445901e+00   4.0364500e-01
   3.8481143e-01   4.6370346e+00   4.0480760e-01
   3.9022067e-01   4.7660374e+00   3.9479735e-01
   3.8485328e-01   4.7758971e+00   3.9867722e-01
   3.9339137e-01   4.8369977e+00   3.8910490e-01
   3.8359970e-01   4.7783293e+00   3.9973587e-01
   3.7137762e-01   4.6241591e+00   4.1646287e-01
   3.7046978e-01   4.7142300e+00   4.1285010e-01
   3.7145620e-01   4.6890645e+00   4.1339090e-01
   3.7254250e-01   4.7583986e+00   4.0923144e-01
   3.6938664e-01   4.7757099e+00   4.1122992e-01
   3.7025722e-01   4.7625029e+00   4.1102692e-01
   3.7429124e-01   4.8399039e+00   4.0461993e-01
   3.6763929e-01   4.7614921e+00   4.1333934e-01
   3.6903327e-01   4.8360483e+00   4.0873125e-01
   3.6773466e-01   4.8415376e+00   4.0945428e-01
   3.6489250e-01   4.8628515e+00   4.1105177e-01
   3.6338546e-01   4.8920677e+00   4.1040023e-01
   3.5634446e-01   4.8102282e+00   4.1981878e-01
   3.5656846e-01   4.7992147e+00   4.2014867e-01
   3.5371496e-01   4.8134762e+00   4.2183227e-01
   3.5444234e-01   4.9023948e+00   4.1766139e-01
   3.4529884e-01   4.8130822e+00   4.2890276e-01
   3.4893450e-01   4.8927525e+00   4.2234219e-01
   3.5005551e-01   4.8972866e+00   4.2126767e-01
   3.5138586e-01   5.0030555e+00   4.1574961e-01
   3.4577224e-01   4.9993299e+00   4.2082509e-01
   3.4333193e-01   4.9817839e+00   4.2352088e-01
   3.3910707e-01   4.9945721e+00   4.2608756e-01
   3.3977955e-01   4.9762620e+00   4.2663084e-01
   3.3110258e-01   4.9959471e+00   4.3330504e-01
   3.3763116e-01   5.0526407e+00   4.2533613e-01
   3.3265741e-01   5.0511344e+00   4.2956470e-01
   3.2928527e-01   5.0632233e+00   4.3127292e-01
   3.2222041e-01   4.9678925e+00   4.4114696e-01
   3.2602214e-01   5.0419784e+00   4.3479797e-01
   3.2577296e-01   5.1068983e+00   4.3255058e-01
   3.2513532e-01   5.2043381e+00   4.2916898e-01
   3.2340347e-01   5.1172635e+00   4.3454368e-01
   3.1667107e-01   5.1087782e+00   4.4014893e-01
   3.2064484e-01   5.1657564e+00   4.3450595e-01
   3.1664585e-01   5.2729955e+00   4.3319638e-01
   3.1709383e-01   5.2046300e+00   4.3597058e-01
   3.1801378e-01   5.2327980e+00   4.3400434e-01
   3.1385812e-01   5.2188945e+00   4.3788116e-01
   3.1025686e-01   5.1739232e+00   4.4252919e-01
   3.0353447e-01   5.2017188e+00   4.4667615e-01
   2.9791969e-01   5.1272454e+00   4.5454157e-01
   2.9973991e-01   5.1288489e+00   4.5284258e-01
   2.9937798e-01   5.0962734e+00   4.5447016e-01
   2.8790567e-01   4.9524007e+00   4.6948291e-01
   2.9045663e-01   4.9093128e+00   4.6879802e-01
   3.0426654e-01   5.0398238e+00   4.5126985e-01
   3.1544190e-01   5.1947762e+00   4.3410776e-01
   3.2682596e-01   5.0974634e+00   4.2821862e-01
   3.3517159e-01   5.0984612e+00   4.1994954e-01
   3.5613636e-01   5.2035061e+00   3.9705709e-01
   3.6401524e-01   5.1866100e+00   3.9019189e-01
   3.7487379e-01   5.1795391e+00   3.8034929e-01
   3.8097856e-01   5.2129129e+00   3.7317139e-01
   3.8579067e-01   5.1993879e+00   3.6922797e-01
   3.7886132e-01   5.0616774e+00   3.8022823e-01
   3.7153505e-01   5.0360423e+00   3.8737832e-01
   3.7458424e-01   5.0867501e+00   3.8248495e-01
   3.7080252e-01   5.0912135e+00   3.8575489e-01
   3.6636085e-01   5.0977242e+00   3.8932430e-01
   3.6102430e-01   5.1176084e+00   3.9361845e-01
   3.5271987e-01   5.1181834e+00   4.0054057e-01
   3.4212096e-01   5.0975467e+00   4.1062161e-01
   3.3649300e-01   5.0882887e+00   4.1650277e-01
   3.2334225e-01   5.0459704e+00   4.2938942e-01
   3.2503960e-01   5.1232926e+00   4.2531304e-01
   3.2014929e-01   5.2054770e+00   4.2604191e-01
   3.1182415e-01   5.2204630e+00   4.3322241e-01
   3.0665730e-01   5.2183038e+00   4.3818882e-01
   3.0379092e-01   5.2833666e+00   4.3818043e-01
   2.8903039e-01   5.1850274e+00   4.5456896e-01
   2.8304068e-01   5.2246578e+00   4.5835907e-01
   2.6799340e-01   5.0652338e+00   4.7774321e-01
   2.6604935e-01   5.1353297e+00   4.7700881e-01
   2.5864180e-01   5.0567284e+00   4.8661909e-01
   2.5512804e-01   5.1291677e+00   4.8643093e-01
   2.4967959e-01   5.0969924e+00   4.9222997e-01
   2.6034603e-01   5.2861219e+00   4.7551380e-01
   2.6352810e-01   5.3604447e+00   4.6986695e-01
   2.6485155e-01   5.4571820e+00   4.6437433e-01
   2.6935636e-01   5.4588099e+00   4.6042868e-01
   2.6262432e-01   5.3580602e+00   4.6944156e-01
   2.6232720e-01   5.3778486e+00   4.6859398e-01
   2.5365601e-01   5.4164278e+00   4.7479772e-01
   2.4079429e-01   5.3082036e+00   4.9121748e-01
   2.4268303e-01   5.3984538e+00   4.8596512e-01
   2.3434338e-01   5.4061758e+00   4.9289560e-01
   2.3589966e-01   5.4176650e+00   4.9143930e-01
   2.3525689e-01   5.4688207e+00   4.8970572e-01
   2.3844988e-01   5.4749695e+00   4.8627066e-01
   2.3866500e-01   5.4935327e+00   4.8550186e-01
   2.4163825e-01   5.5257811e+00   4.8112841e-01
   2.3628722e-01   5.3754534e+00   4.9124176e-01
   2.4277898e-01   5.3536272e+00   4.8610508e-01
   2.5279000e-01   5.2978820e+00   4.7921811e-01
   2.6469598e-01   5.3439399e+00   4.6602644e-01
   2.7587452e-01   5.3715764e+00   4.5434439e-01
   2.8065868e-01   5.3837253e+00   4.4892841e-01
   2.9718329e-01   5.4359048e+00   4.3219019e-01
   3.0874821e-01   5.4694368e+00   4.2038523e-01
   3.1341959e-01   5.4476875e+00   4.1671670e-01
   3.2862422e-01   5.5778780e+00   3.9827539e-01
   3.3108857e-01   5.5504541e+00   3.9652529e-01
   3.2978216e-01   5.5426429e+00   3.9780137e-01
   3.2574634e-01   5.5405076e+00   4.0108025e-01
   3.1527576e-01   5.3443833e+00   4.1809271e-01
   3.2127012e-01   5.5805316e+00   4.0344771e-01
   3.1443117e-01   5.5160691e+00   4.1186376e-01
   3.0550101e-01   5.4529948e+00   4.2226410e-01
   3.1158784e-01   5.5638536e+00   4.1268313e-01
   2.9767399e-01   5.4541704e+00   4.2925490e-01
   2.8997931e-01   5.4683748e+00   4.3532925e-01
   2.8491306e-01   5.5136395e+00   4.3823271e-01
   2.8158877e-01   5.5595685e+00   4.3918019e-01
   2.7573409e-01   5.5066170e+00   4.4657942e-01
   2.6977571e-01   5.4926587e+00   4.5269463e-01
   2.5910063e-01   5.3481653e+00   4.6770625e-01
   2.5222776e-01   5.4655884e+00   4.6887753e-01
   2.4842564e-01   5.4523369e+00   4.7303287e-01
   2.4058770e-01   5.3708167e+00   4.8285483e-01
   2.3795217e-01   5.4319283e+00   4.8299343e-01
   2.3604223e-01   5.4189164e+00   4.8543177e-01
   2.1946467e-01   5.2952563e+00   5.0466995e-01
   2.3009905e-01   5.4838011e+00   4.8788390e-01
   2.3236500e-01   5.5911484e+00   4.8185149e-01
   2.2763693e-01   5.6186190e+00   4.8484227e-01
   2.2653515e-01   5.5690711e+00   4.8817106e-01
   2.2000854e-01   5.5962387e+00   4.9263133e-01
   2.0790159e-01   5.3680831e+00   5.1217320e-01
   1.9911856e-01   5.3869217e+00   5.1870544e-01
   1.9634174e-01   5.3378254e+00   5.2295519e-01
   2.0684592e-01   5.5530900e+00   5.0543951e-01
   2.1040128e-01   5.6185585e+00   4.9999833e-01
   2.0858390e-01   5.6564099e+00   4.9976131e-01
   2.0078638e-01   5.6237610e+00   5.0757665e-01
   1.9945950e-01   5.5868255e+00   5.1028584e-01
   2.0094177e-01   5.6642530e+00   5.0571401e-01
   1.9166325e-01   5.6023280e+00   5.1593702e-01
   1.9120340e-01   5.5794135e+00   5.1734866e-01
   1.8976566e-01   5.5334055e+00   5.2057776e-01
   1.9541728e-01   5.6130695e+00   5.1235032e-01
   1.9493624e-01   5.6911282e+00   5.0965576e-01
   1.9215947e-01   5.6578460e+00   5.1333448e-01
   1.8940658e-01   5.6101019e+00   5.1753502e-01
   1.8185818e-01   5.5433241e+00   5.2650120e-01
   1.8251671e-01   5.5595049e+00   5.2471512e-01
   1.8106157e-01   5.5166494e+00   5.2792217e-01
   1.7865796e-01   5.5004642e+00   5.3063513e-01
   1.8128076e-01   5.6144701e+00   5.2325386e-01
   1.8358951e-01   5.6296067e+00   5.2074286e-01
   1.8529253e-01   5.6960701e+00   5.1662660e-01
   1.8184804e-01   5.5935984e+00   5.2305522e-01
   1.9328833e-01   5.6786959e+00   5.1053232e-01
   1.9470127e-01   5.6963667e+00   5.0799136e-01
   1.9057321e-01   5.6722081e+00   5.1218179e-01
   1.9338312e-01   5.6581098e+00   5.0985227e-01
   2.0649205e-01   5.7474136e+00   4.9498628e-01
   2.1007352e-01   5.8528217e+00   4.8697335e-01
   2.1641928e-01   5.8341682e+00   4.8236660e-01
   2.1520397e-01   5.8377444e+00   4.8268643e-01
   2.1914881e-01   5.8800586e+00   4.7742230e-01
   2.1789844e-01   5.8021997e+00   4.8151351e-01
   2.1156933e-01   5.7452636e+00   4.8914486e-01
   2.1118030e-01   5.7116241e+00   4.9032598e-01
   2.1179146e-01   5.7202677e+00   4.8948177e-01
   2.1712099e-01   5.7535050e+00   4.8325753e-01
   2.1236727e-01   5.7739395e+00   4.8638596e-01
   2.1363794e-01   5.7733367e+00   4.8538780e-01
   2.0782880e-01   5.7065626e+00   4.9305977e-01
   1.9554964e-01   5.5906295e+00   5.0777339e-01
   1.9903020e-01   5.6917397e+00   5.0092239e-01
   2.0355467e-01   5.7867093e+00   4.9336734e-01
   2.0055542e-01   5.7881112e+00   4.9608700e-01
   1.9263996e-01   5.7366378e+00   5.0504719e-01
   1.8813587e-01   5.7725908e+00   5.0726200e-01
   1.8442909e-01   5.7483193e+00   5.1125959e-01
   1.7484632e-01   5.7100328e+00   5.2102047e-01
   1.6819431e-01   5.6926949e+00   5.2757361e-01
   1.7021934e-01   5.7780799e+00   5.2265021e-01
   1.6647554e-01   5.7627528e+00   5.2690013e-01
   1.5978282e-01   5.7060661e+00   5.3472565e-01
   1.5651492e-01   5.7462827e+00   5.3621937e-01
   1.5933594e-01   5.7860769e+00   5.3228970e-01
   1.5907369e-01   5.9124139e+00   5.2736523e-01
   1.4401871e-01   5.7484525e+00   5.4711374e-01
   1.3742927e-01   5.6909735e+00   5.5465965e-01
   1.4077629e-01   5.7489372e+00   5.4951946e-01
   1.3149865e-01   5.6704590e+00   5.6045342e-01
   1.2950035e-01   5.6997478e+00   5.6070357e-01
   1.3851548e-01   5.8439209e+00   5.4697423e-01
   1.4804232e-01   5.9675003e+00   5.3377237e-01
   1.5363521e-01   6.0410898e+00   5.2521475e-01
   1.4503720e-01   5.9533723e+00   5.3620596e-01
   1.5002792e-01   6.1373649e+00   5.2479067e-01
   1.4372216e-01   6.1021634e+00   5.3218129e-01
   1.3771310e-01   6.0634175e+00   5.3897141e-01
   1.2721464e-01   6.0055950e+00   5.5013641e-01
   1.2508557e-01   6.0050226e+00   5.5215652e-01
   1.1997379e-01   5.9797416e+00   5.5718116e-01
   1.2026082e-01   5.9557323e+00   5.5780776e-01
   1.2194167e-01   5.8856404e+00   5.5952727e-01
   1.1748424e-01   5.8218015e+00   5.6539188e-01
   1.2213550e-01   5.8534517e+00   5.5971230e-01
   1.2875728e-01   5.8415637e+00   5.5339018e-01
   1.3912963e-01   5.8549936e+00   5.4379929e-01
   1.5962102e-01   5.9105419e+00   5.2292771e-01
   1.7742854e-01   6.0078828e+00   5.0325869e-01
   1.8904875e-01   6.1103010e+00   4.8802093e-01
   2.0049252e-01   6.1488558e+00   4.7592428e-01
   2.0904936e-01   5.9924247e+00   4.7406582e-01
   2.1914724e-01   6.1145616e+00   4.5997708e-01
   2.1870127e-01   6.0073045e+00   4.6400824e-01
   2.1390486e-01   5.9245314e+00   4.7103872e-01
   2.1310195e-01   5.8887043e+00   4.7324720e-01
   2.1865162e-01   5.9738030e+00   4.6559494e-01
   2.1411513e-01   5.9470249e+00   4.7020357e-01
   2.0391297e-01   5.8438848e+00   4.8302665e-01
   1.9935706e-01   5.9068954e+00   4.8466123e-01
   1.9459803e-01   5.9584383e+00   4.8710887e-01
   1.8915808e-01   5.9490420e+00   4.9220161e-01
   1.8241096e-01   5.9047069e+00   4.9989683e-01
   1.8318726e-01   6.0471621e+00   4.9400481e-01
   1.7825848e-01   6.0893365e+00   4.9691313e-01
   1.6935134e-01   6.0556430e+00   5.0618962e-01
   1.5757069e-01   5.9750132e+00   5.1966520e-01
   1.4736739e-01   5.9899064e+00   5.2778662e-01
   1.4359881e-01   5.9950423e+00   5.3116351e-01
   1.4048869e-01   5.9710737e+00   5.3485952e-01
   1.3267193e-01   5.9123885e+00   5.4460572e-01
   1.2487033e-01   5.9519578e+00   5.4916105e-01
   1.2355449e-01   5.9882893e+00   5.4969783e-01
   1.2111711e-01   6.0550938e+00   5.4879821e-01
   1.2004584e-01   6.0561360e+00   5.5006543e-01
   1.1702376e-01   6.0748719e+00   5.5191668e-01
   1.1075700e-01   6.0562814e+00   5.5830541e-01
   1.0528130e-01   6.0520544e+00   5.6316896e-01
   1.0164726e-01   6.0207020e+00   5.6752131e-01
   9.2231514e-02   5.9678168e+00   5.7742675e-01
   9.0587348e-02   5.8978706e+00   5.8208733e-01
   9.3600797e-02   6.0051122e+00   5.7526505e-01
   9.1416648e-02   6.0259461e+00   5.7579537e-01
   8.1605422e-02   5.9264482e+00   5.8814439e-01
   7.6320592e-02   5.9078800e+00   5.9371444e-01
   8.3377588e-02   6.0432454e+00   5.8181437e-01
   9.0881474e-02   6.1129203e+00   5.7308724e-01
   8.1673834e-02   5.9684460e+00   5.8658374e-01
   7.5494930e-02   5.9939108e+00   5.9069365e-01
   8.0599132e-02   6.0501036e+00   5.8409434e-01
   7.9689340e-02   6.0541676e+00   5.8475855e-01
   8.1713561e-02   6.1458766e+00   5.7902847e-01
   7.8462139e-02   6.0469101e+00   5.8601977e-01
   8.0821167e-02   6.1441425e+00   5.8011140e-01
   8.0615845e-02   6.1090153e+00   5.8163990e-01
   7.2547875e-02   6.0962763e+00   5.8876442e-01
   7.3961089e-02   6.1269537e+00   5.8668987e-01
   7.3946835e-02   6.0701494e+00   5.8849758e-01
   7.5502722e-02   6.1468772e+00   5.8435596e-01
   7.2929683e-02   6.1823410e+00   5.8478360e-01
   7.6253021e-02   6.1667678e+00   5.8241426e-01
   8.7989429e-02   6.2879440e+00   5.6784321e-01
   8.4682484e-02   6.2168391e+00   5.7344380e-01
   8.5525281e-02   6.2331028e+00   5.7160926e-01
   8.7432966e-02   6.2283307e+00   5.6954172e-01
   9.5314193e-02   6.2479466e+00   5.6191436e-01
   9.8558265e-02   6.2696032e+00   5.5778041e-01
   1.0885594e-01   6.2563945e+00   5.4881976e-01
   1.1108466e-01   6.2274406e+00   5.4774016e-01
   1.1615018e-01   6.2434976e+00   5.4196162e-01
   1.1784501e-01   6.2108129e+00   5.4160700e-01
   1.1892249e-01   6.1930463e+00   5.4077520e-01
   1.2688094e-01   6.1725448e+00   5.3493478e-01
   1.3443340e-01   6.2419374e+00   5.2490130e-01
   1.2977995e-01   6.2042027e+00   5.3030138e-01
   1.2867640e-01   6.1866195e+00   5.3202246e-01
   1.2659733e-01   6.1861973e+00   5.3357497e-01
   1.2582288e-01   6.2509425e+00   5.3131577e-01
   1.2621421e-01   6.1586254e+00   5.3480813e-01
   7.0327739e-01   0.0000000e+00   3.6324500e-01
   7.0355108e-01   0.0000000e+00   3.6299836e-01
   7.1049027e-01   6.8260604e-02   3.5439031e-01
   7.1314371e-01   7.9832449e-02   3.5165177e-01
   7.0148176e-01   6.5250074e-02   3.6139932e-01
   7.0995143e-01   1.0999363e-01   3.5261080e-01
   7.1893462e-01   3.0423777e-01   3.3682584e-01
   7.3094432e-01   4.9331342e-01   3.1870523e-01
   7.2802077e-01   5.4682780e-01   3.1909121e-01
   7.2404689e-01   5.1934962e-01   3.2321917e-01
   7.2335859e-01   5.8045254e-01   3.2130251e-01
   7.1827978e-01   5.1056168e-01   3.2834439e-01
   7.0984642e-01   4.3067549e-01   3.3802257e-01
   7.1055989e-01   4.4508309e-01   3.3703530e-01
   7.1062799e-01   5.3289745e-01   3.3328500e-01
   7.0838891e-01   4.9074559e-01   3.3700909e-01
   7.2042516e-01   7.7111056e-01   3.1497711e-01
   7.3215024e-01   9.5880012e-01   2.9766664e-01
   7.3242543e-01   9.9154983e-01   2.9574153e-01
   7.3539473e-01   1.0845796e+00   2.8932954e-01
   7.3918192e-01   1.1153584e+00   2.8441743e-01
   7.4035025e-01   1.1407038e+00   2.8241015e-01
   7.3163565e-01   1.0390023e+00   2.9379741e-01
   7.3651737e-01   1.2147893e+00   2.8222418e-01
   7.3932937e-01   1.2960048e+00   2.7617965e-01
   7.3226565e-01   1.2628651e+00   2.8361698e-01
   7.2960670e-01   1.2577305e+00   2.8573665e-01
   7.2092613e-01   1.2253428e+00   2.9399834e-01
   7.3379021e-01   1.2913358e+00   2.8046190e-01
   7.2497901e-01   1.3904397e+00   2.8322488e-01
   7.2345059e-01   1.3603095e+00   2.8575080e-01
   7.1237332e-01   1.2352159e+00   3.0028736e-01
   7.0821637e-01   1.2346333e+00   3.0319143e-01
   7.0200602e-01   1.1868528e+00   3.1060400e-01
   7.0343642e-01   1.2794616e+00   3.0537700e-01
   7.0003250e-01   1.2477620e+00   3.0979151e-01
   7.0052659e-01   1.3061883e+00   3.0666697e-01
   6.9660719e-01   1.2444681e+00   3.1255989e-01
   6.8956546e-01   1.2336196e+00   3.1818354e-01
   6.9880978e-01   1.3599339e+00   3.0558915e-01
   6.9204747e-01   1.3532942e+00   3.1107113e-01
   6.9313065e-01   1.4096630e+00   3.0780343e-01
   6.8968597e-01   1.3612827e+00   3.1268379e-01
   6.9082847e-01   1.4605469e+00   3.0725115e-01
   6.9508575e-01   1.4711031e+00   3.0354453e-01
   6.9141494e-01   1.4906937e+00   3.0566758e-01
   6.9056681e-01   1.5743105e+00   3.0275624e-01
   6.8069695e-01   1.4792586e+00   3.1484170e-01
   6.7976932e-01   1.4735514e+00   3.1598261e-01
   6.7360066e-01   1.3689639e+00   3.2558291e-01
   6.7056241e-01   1.4504290e+00   3.2425202e-01
   6.7874659e-01   1.6094351e+00   3.1047054e-01
   6.7484683e-01   1.5415810e+00   3.1699811e-01
   6.6594390e-01   1.4686204e+00   3.2728618e-01
   6.6344023e-01   1.4836473e+00   3.2880647e-01
   6.6750992e-01   1.5305455e+00   3.2362458e-01
   6.7971199e-01   1.8104724e+00   3.0164146e-01
   6.7987628e-01   1.7931567e+00   3.0209627e-01
   6.7128630e-01   1.7287944e+00   3.1195102e-01
   6.6391223e-01   1.6659914e+00   3.2016607e-01
   6.5918867e-01   1.6142735e+00   3.2628657e-01
   6.4849548e-01   1.5130813e+00   3.3902646e-01
   6.5440967e-01   1.6446210e+00   3.2895979e-01
   6.5073498e-01   1.6522745e+00   3.3181602e-01
   6.5349533e-01   1.7372619e+00   3.2568851e-01
   6.5615888e-01   1.7470858e+00   3.2316503e-01
   6.5598379e-01   1.8545715e+00   3.1865503e-01
   6.5526897e-01   1.7791884e+00   3.2265031e-01
   6.4588910e-01   1.6940629e+00   3.3344477e-01
   6.4473665e-01   1.8125225e+00   3.2946194e-01
   6.4777051e-01   1.8185247e+00   3.2656899e-01
   6.4569019e-01   1.7999208e+00   3.2910391e-01
   6.4265455e-01   1.8121726e+00   3.3104676e-01
   6.4061895e-01   1.7710737e+00   3.3405380e-01
   6.4455786e-01   1.8238988e+00   3.2879500e-01
   6.4453268e-01   1.8880823e+00   3.2636421e-01
   6.3776939e-01   1.9041878e+00   3.3088989e-01
   6.4021740e-01   1.9107787e+00   3.2859048e-01
   6.3401281e-01   1.8752742e+00   3.3507379e-01
   6.2861401e-01   1.8308994e+00   3.4131029e-01
   6.3206497e-01   1.8789661e+00   3.3669814e-01
   6.2445306e-01   1.8858765e+00   3.4245035e-01
   6.2240805e-01   1.7965696e+00   3.4767411e-01
   6.1815860e-01   1.7833385e+00   3.5183256e-01
   6.2045446e-01   1.8863798e+00   3.4571612e-01
   6.1701146e-01   1.8408884e+00   3.5012591e-01
   6.1134064e-01   1.8121023e+00   3.5615529e-01
   6.1853179e-01   1.9013209e+00   3.4635388e-01
   6.1519685e-01   1.8995655e+00   3.4886760e-01
   6.0580695e-01   1.7880596e+00   3.6141993e-01
   6.0803223e-01   1.8744412e+00   3.5604679e-01
   6.1409569e-01   1.9309361e+00   3.4874280e-01
   6.1153492e-01   1.9629417e+00   3.4944772e-01
   6.0324046e-01   1.9091643e+00   3.5850807e-01
   6.0074956e-01   1.8921481e+00   3.6111217e-01
   6.0052322e-01   1.9054645e+00   3.6077315e-01
   5.9950668e-01   1.9514749e+00   3.5968455e-01
   6.0257794e-01   1.9949198e+00   3.5530999e-01
   6.0049330e-01   1.8904917e+00   3.6110572e-01
   5.9750770e-01   2.0290727e+00   3.5751444e-01
   5.8698091e-01   1.9577562e+00   3.6915320e-01
   5.8789295e-01   1.8768514e+00   3.7191575e-01
   5.8224802e-01   1.9163217e+00   3.7481105e-01
   5.7673065e-01   1.8707763e+00   3.8099964e-01
   5.8386548e-01   1.9280169e+00   3.7267355e-01
   5.7720052e-01   1.9030800e+00   3.7926044e-01
   5.8775835e-01   2.0321293e+00   3.6514918e-01
   5.8395346e-01   2.1010464e+00   3.6528381e-01
   5.8180962e-01   2.0821617e+00   3.6800192e-01
   5.8151329e-01   2.0751358e+00   3.6836833e-01
   5.8117302e-01   2.1423650e+00   3.6585141e-01
   5.8060314e-01   2.1272433e+00   3.6658053e-01
   5.7660023e-01   2.1545824e+00   3.6873131e-01
   5.7306864e-01   2.1054048e+00   3.7362431e-01
   5.6395186e-01   1.9621563e+00   3.8689923e-01
   5.6486292e-01   2.0808543e+00   3.8168125e-01
   5.6838917e-01   2.0571531e+00   3.7961497e-01
   5.6230638e-01   2.0930133e+00   3.8290761e-01
   5.6398104e-01   2.1529921e+00   3.7917589e-01
   5.6726693e-01   2.2418747e+00   3.7259463e-01
   5.5919290e-01   2.2148229e+00   3.8026861e-01
   5.5542167e-01   2.0827238e+00   3.8896125e-01
   5.5089541e-01   2.1234131e+00   3.9086540e-01
   5.5302904e-01   2.1776521e+00   3.8705189e-01
   5.5855605e-01   2.2414915e+00   3.7931026e-01
   5.5625730e-01   2.2459019e+00   3.8119993e-01
   5.5340345e-01   2.2199938e+00   3.8457873e-01
   5.5611389e-01   2.2717417e+00   3.8009141e-01
   5.5641470e-01   2.3453362e+00   3.7652799e-01
   5.5411350e-01   2.3529601e+00   3.7803395e-01
   5.5657792e-01   2.4209958e+00   3.7319436e-01
   5.5430451e-01   2.3937978e+00   3.7594517e-01
   5.5298072e-01   2.4320358e+00   3.7582724e-01
   5.5253346e-01   2.4356288e+00   3.7544641e-01
   5.4502987e-01   2.3324209e+00   3.8594924e-01
   5.5179444e-01   2.4285631e+00   3.7613583e-01
   5.5879863e-01   2.4946806e+00   3.6752807e-01
   5.5542837e-01   2.5640341e+00   3.6729598e-01
   5.4354106e-01   2.4217551e+00   3.8275085e-01
   5.4366299e-01   2.4004537e+00   3.8376381e-01
   5.4202414e-01   2.3839619e+00   3.8517923e-01
   5.3819303e-01   2.3190435e+00   3.9138396e-01
   5.3878446e-01   2.3096699e+00   3.9104718e-01
   5.3630579e-01   2.3884488e+00   3.8937745e-01
   5.3947594e-01   2.3795125e+00   3.8718392e-01
   5.3662770e-01   2.4124872e+00   3.8821465e-01
   5.4170699e-01   2.4302669e+00   3.8315070e-01
   5.3392171e-01   2.3877703e+00   3.9116095e-01
   5.3506886e-01   2.5206483e+00   3.8429292e-01
   5.3685155e-01   2.4948610e+00   3.8391408e-01
   5.3176809e-01   2.4417766e+00   3.9019100e-01
   5.3089345e-01   2.4691637e+00   3.8951741e-01
   5.2315203e-01   2.4168257e+00   3.9872376e-01
   5.2042739e-01   2.4230034e+00   4.0041686e-01
   5.2545717e-01   2.5257923e+00   3.9176771e-01
   5.2029126e-01   2.4852473e+00   3.9819565e-01
   5.1546580e-01   2.4992283e+00   4.0160416e-01
   5.1220826e-01   2.5225168e+00   4.0303129e-01
   5.1328892e-01   2.5454433e+00   4.0120518e-01
   5.0334804e-01   2.5388158e+00   4.0968878e-01
   5.0198216e-01   2.4779584e+00   4.1327892e-01
   5.0214821e-01   2.5264575e+00   4.1089039e-01
   5.0452924e-01   2.5953862e+00   4.0575568e-01
   5.0774654e-01   2.5646579e+00   4.0432001e-01
   5.1264813e-01   2.7081718e+00   3.9385457e-01
   5.1862716e-01   2.7748239e+00   3.8578827e-01
   5.1574683e-01   2.8458034e+00   3.8551923e-01
   5.1292531e-01   2.8358643e+00   3.8888354e-01
   5.0293778e-01   2.8783111e+00   3.9533487e-01
   4.9654962e-01   2.8032153e+00   4.0412158e-01
   4.9257534e-01   2.7135811e+00   4.1139189e-01
   4.8506513e-01   2.6427249e+00   4.2066796e-01
   4.8963655e-01   2.8061152e+00   4.0982131e-01
   4.8866151e-01   2.7089999e+00   4.1439960e-01
   4.8206806e-01   2.6114587e+00   4.2377138e-01
   4.7453908e-01   2.4799541e+00   4.3513007e-01
   4.8027956e-01   2.4913355e+00   4.2918563e-01
   4.8225419e-01   2.4446277e+00   4.2893406e-01
   4.9193078e-01   2.5271824e+00   4.1631405e-01
   4.9902400e-01   2.5102071e+00   4.1031291e-01
   5.0190325e-01   2.4954754e+00   4.0815629e-01
   5.0264532e-01   2.5159861e+00   4.0633126e-01
   5.0768323e-01   2.5967110e+00   3.9863227e-01
   5.0274998e-01   2.5124678e+00   4.0575521e-01
   5.0418012e-01   2.5324946e+00   4.0371367e-01
   5.1115759e-01   2.6997440e+00   3.9093897e-01
   5.1340716e-01   2.7327069e+00   3.8776062e-01
   5.0070065e-01   2.6173142e+00   4.0303781e-01
   5.0118697e-01   2.6096510e+00   4.0280651e-01
   4.9751819e-01   2.5985383e+00   4.0658874e-01
   4.8916022e-01   2.6538108e+00   4.1117632e-01
   4.8259192e-01   2.6446318e+00   4.1791638e-01
   4.7422577e-01   2.6024111e+00   4.2602425e-01
   4.6967251e-01   2.5619577e+00   4.3205955e-01
   4.7281156e-01   2.6498980e+00   4.2603673e-01
   4.6011274e-01   2.5617413e+00   4.4072727e-01
   4.5560292e-01   2.5408693e+00   4.4501219e-01
   4.6105530e-01   2.6608831e+00   4.3607054e-01
   4.5505149e-01   2.6288257e+00   4.4237540e-01
   4.5503230e-01   2.7073748e+00   4.3912768e-01
   4.5165448e-01   2.6745128e+00   4.4347387e-01
   4.4514814e-01   2.6393291e+00   4.5059304e-01
   4.4751914e-01   2.7034089e+00   4.4539974e-01
   4.3437044e-01   2.5661023e+00   4.6238091e-01
   4.3905422e-01   2.6899611e+00   4.5312878e-01
   4.3566346e-01   2.7442492e+00   4.5388605e-01
   4.3709206e-01   2.7952842e+00   4.5024797e-01
   4.3802447e-01   2.8301484e+00   4.4805821e-01
   4.3181461e-01   2.7904618e+00   4.5470480e-01
   4.3822172e-01   2.8272548e+00   4.4802031e-01
   4.3091937e-01   2.9328853e+00   4.4956661e-01
   4.3855927e-01   3.0060469e+00   4.4040835e-01
   4.2936013e-01   2.8825204e+00   4.5265525e-01
   4.2195332e-01   2.8009932e+00   4.6245125e-01
   4.2276908e-01   2.8237283e+00   4.6066166e-01
   4.2700516e-01   2.9664724e+00   4.5119096e-01
   4.2009712e-01   2.9248366e+00   4.5881259e-01
   4.1451509e-01   2.8855553e+00   4.6500077e-01
   4.1509862e-01   2.8610394e+00   4.6577406e-01
   4.0868525e-01   2.8499068e+00   4.7127493e-01
   4.1438674e-01   2.9027689e+00   4.6457949e-01
   4.0192153e-01   2.7641976e+00   4.8001945e-01
   4.0837778e-01   2.8142796e+00   4.7291239e-01
   4.0977420e-01   2.8301088e+00   4.7041703e-01
   4.1571003e-01   2.8992617e+00   4.6233190e-01
   4.1747979e-01   2.8594629e+00   4.6200872e-01
   4.1723481e-01   2.8535591e+00   4.6196490e-01
   4.2469981e-01   2.8212960e+00   4.5665809e-01
   4.3218072e-01   2.9354444e+00   4.4529867e-01
   4.4299618e-01   2.9689799e+00   4.3447869e-01
   4.3408636e-01   2.8474547e+00   4.4646035e-01
   4.3351994e-01   2.8679203e+00   4.4569548e-01
   4.3677637e-01   2.9813248e+00   4.3796586e-01
   4.3136469e-01   2.8115239e+00   4.4920345e-01
   4.2579768e-01   2.8521966e+00   4.5220687e-01
   4.2084942e-01   2.8729093e+00   4.5540834e-01
   4.1848858e-01   2.8464244e+00   4.5802360e-01
   4.2517625e-01   2.9463098e+00   4.4873786e-01
   4.1569506e-01   2.8713816e+00   4.6009484e-01
   4.1348847e-01   2.8674281e+00   4.6227724e-01
   4.0908141e-01   2.9262939e+00   4.6378035e-01
   3.9961299e-01   2.7801810e+00   4.7718849e-01
   3.9836530e-01   2.8553108e+00   4.7536550e-01
   3.8610764e-01   2.7036589e+00   4.9223689e-01
   3.9130113e-01   2.8142450e+00   4.8350411e-01
   3.8409034e-01   2.8419989e+00   4.8832997e-01
   3.7973782e-01   2.8710266e+00   4.9024817e-01
   3.7902327e-01   2.8817627e+00   4.9087072e-01
   3.7641942e-01   2.8767165e+00   4.9311582e-01
   3.7533933e-01   2.9188465e+00   4.9250929e-01
   3.6867786e-01   2.8612973e+00   5.0013391e-01
   3.6978433e-01   2.9087414e+00   4.9766751e-01
   3.7382491e-01   3.0454692e+00   4.8863806e-01
   3.7703763e-01   3.0597366e+00   4.8560437e-01
   3.7267837e-01   3.0856368e+00   4.8766300e-01
   3.7642146e-01   3.1686220e+00   4.8118890e-01
   3.6491415e-01   2.9887002e+00   4.9825992e-01
   3.5979932e-01   3.0179345e+00   5.0082746e-01
   3.4980091e-01   2.9350448e+00   5.1267230e-01
   3.5841580e-01   3.0033228e+00   5.0247543e-01
   3.6179515e-01   3.1806458e+00   4.9196539e-01
   3.5447340e-01   3.0658505e+00   5.0341069e-01
   3.5140933e-01   3.1085157e+00   5.0392718e-01
   3.3776620e-01   3.0041302e+00   5.1969696e-01
   3.4105731e-01   3.0818757e+00   5.1360012e-01
   3.4341529e-01   3.1078253e+00   5.1069869e-01
   3.4218222e-01   3.1270803e+00   5.1087577e-01
   3.3695035e-01   3.0971682e+00   5.1666417e-01
   3.3217700e-01   3.0441452e+00   5.2228930e-01
   3.3609250e-01   3.0287941e+00   5.1949575e-01
   3.4036177e-01   3.0268359e+00   5.1565641e-01
   3.4180930e-01   3.0500291e+00   5.1324491e-01
   3.4779596e-01   3.1273989e+00   5.0419404e-01
   3.5290510e-01   3.1217311e+00   4.9962155e-01
   3.5771121e-01   3.1369415e+00   4.9451959e-01
   3.6665970e-01   3.2117601e+00   4.8342519e-01
   3.7019017e-01   3.2028367e+00   4.8017885e-01
   3.8047952e-01   3.3014797e+00   4.6723276e-01
   3.7195116e-01   3.1895370e+00   4.7889820e-01
   3.7207232e-01   3.1765558e+00   4.7915381e-01
   3.8170746e-01   3.3701645e+00   4.6273380e-01
   3.7348825e-01   3.2610526e+00   4.7428926e-01
   3.5731478e-01   3.0821989e+00   4.9503550e-01
   3.5769387e-01   3.0102187e+00   4.9779728e-01
   3.4746985e-01   3.0287582e+00   5.0527726e-01
   3.4597652e-01   3.0724570e+00   5.0485535e-01
   3.4611966e-01   3.1155126e+00   5.0320010e-01
   3.4656792e-01   3.1599605e+00   5.0121099e-01
   3.4619728e-01   3.1494588e+00   5.0188875e-01
   3.3733812e-01   3.0960135e+00   5.1179462e-01
   3.2858774e-01   3.0526241e+00   5.2079178e-01
   3.1735481e-01   2.9879191e+00   5.3291884e-01
   3.2361118e-01   3.1094429e+00   5.2288436e-01
   3.2293856e-01   3.1986989e+00   5.2000916e-01
   3.1901570e-01   3.2021882e+00   5.2317678e-01
   3.2007659e-01   3.2220407e+00   5.2137081e-01
   3.0858580e-01   3.1189213e+00   5.3548652e-01
   2.9908308e-01   3.0376358e+00   5.4683449e-01
   3.0327714e-01   3.2163473e+00   5.3581832e-01
   3.0737367e-01   3.2112551e+00   5.3279926e-01
   3.0912941e-01   3.3046280e+00   5.2737784e-01
   2.9709962e-01   3.2516571e+00   5.3969573e-01
   2.9979822e-01   3.2923594e+00   5.3548723e-01
   2.9461941e-01   3.1995481e+00   5.4367460e-01
   2.9371668e-01   3.2479005e+00   5.4203238e-01
   2.9589038e-01   3.2542062e+00   5.4010018e-01
   3.0020505e-01   3.4056932e+00   5.2962972e-01
   3.0347862e-01   3.4475432e+00   5.2548256e-01
   3.0782205e-01   3.5130325e+00   5.1914187e-01
   2.9668770e-01   3.4273434e+00   5.3222660e-01
   2.9181758e-01   3.4582876e+00   5.3493199e-01
   2.9185007e-01   3.4365680e+00   5.3595076e-01
   2.9841343e-01   3.5062386e+00   5.2736372e-01
   2.9053897e-01   3.4107314e+00   5.3789943e-01
   2.8946431e-01   3.4243457e+00   5.3820995e-01
   2.8104771e-01   3.4129687e+00   5.4556187e-01
   2.7917170e-01   3.3421634e+00   5.4972130e-01
   2.8904419e-01   3.4259628e+00   5.3799591e-01
   2.8631698e-01   3.4134424e+00   5.4039852e-01
   2.8983540e-01   3.3797338e+00   5.3846867e-01
   2.9011277e-01   3.3168533e+00   5.4014373e-01
   2.9936420e-01   3.3847377e+00   5.2886020e-01
   3.0101815e-01   3.3419386e+00   5.2885540e-01
   3.0205064e-01   3.2837695e+00   5.3007350e-01
   3.1556019e-01   3.4897694e+00   5.0989575e-01
   3.1509107e-01   3.3410166e+00   5.1606774e-01
   3.0819455e-01   3.3616304e+00   5.2045864e-01
   3.1633626e-01   3.4035378e+00   5.1203717e-01
   3.1083557e-01   3.4359774e+00   5.1505223e-01
   3.0826750e-01   3.3843931e+00   5.1938463e-01
   3.0529679e-01   3.4088427e+00   5.2090250e-01
   2.9890726e-01   3.3491486e+00   5.2829789e-01
   2.9346401e-01   3.3458509e+00   5.3323679e-01
   2.8980186e-01   3.3231187e+00   5.3749049e-01
   2.8935833e-01   3.4390378e+00   5.3291333e-01
   2.8412804e-01   3.2857750e+00   5.4407611e-01
   2.8040014e-01   3.3075011e+00   5.4627171e-01
   2.8850657e-01   3.4382181e+00   5.3444113e-01
   2.8121391e-01   3.5251919e+00   5.3710783e-01
   2.7790690e-01   3.5037683e+00   5.4092320e-01
   2.7354227e-01   3.4628485e+00   5.4628377e-01
   2.6648707e-01   3.4312153e+00   5.5341941e-01
   2.6408719e-01   3.3875653e+00   5.5764666e-01
   2.6452227e-01   3.4522098e+00   5.5435784e-01
   2.5728705e-01   3.4011201e+00   5.6243968e-01
   2.4736913e-01   3.3936588e+00   5.7106371e-01
   2.4754879e-01   3.3852009e+00   5.7152131e-01
   2.4784939e-01   3.4870617e+00   5.6672306e-01
   2.4917849e-01   3.4781016e+00   5.6627768e-01
   2.4406064e-01   3.4267112e+00   5.7242437e-01
   2.3813012e-01   3.4217728e+00   5.7738122e-01
   2.4400438e-01   3.5241449e+00   5.6840583e-01
   2.4191898e-01   3.4500743e+00   5.7304375e-01
   2.5156749e-01   3.6280327e+00   5.5776245e-01
   2.4683610e-01   3.6123859e+00   5.6200030e-01
   2.4235653e-01   3.6415700e+00   5.6454784e-01
   2.4141981e-01   3.5995334e+00   5.6727431e-01
   2.4313006e-01   3.7017986e+00   5.6155748e-01
   2.3834105e-01   3.6798819e+00   5.6662100e-01
   2.3722354e-01   3.6997022e+00   5.6693184e-01
   2.4046340e-01   3.6897583e+00   5.6457703e-01
   2.1889352e-01   3.5510275e+00   5.8838151e-01
   2.2647121e-01   3.5900909e+00   5.8036705e-01
   2.2648184e-01   3.5707592e+00   5.8097666e-01
   2.2775214e-01   3.5918649e+00   5.7899827e-01
   2.2871604e-01   3.5696138e+00   5.7907836e-01
   2.3831577e-01   3.7355204e+00   5.6367854e-01
   2.3837228e-01   3.6040529e+00   5.6854137e-01
   2.4866238e-01   3.7087089e+00   5.5489482e-01
   2.5174106e-01   3.6538649e+00   5.5400122e-01
   2.5444580e-01   3.6166576e+00   5.5244340e-01
   2.5396887e-01   3.5309075e+00   5.5593595e-01
   2.6243701e-01   3.6413118e+00   5.4374417e-01
   2.6485385e-01   3.6405320e+00   5.4140231e-01
   2.5923002e-01   3.5144289e+00   5.5096597e-01
   2.6345763e-01   3.5923374e+00   5.4440074e-01
   2.6769291e-01   3.7257192e+00   5.3513382e-01
   2.7055856e-01   3.6672509e+00   5.3538850e-01
   2.6734255e-01   3.6245538e+00   5.4000139e-01
   2.6370899e-01   3.5951158e+00   5.4423700e-01
   2.6372578e-01   3.7249754e+00   5.3906012e-01
   2.5559820e-01   3.6161450e+00   5.5061543e-01
   2.4686706e-01   3.5435299e+00   5.6066157e-01
   2.4691224e-01   3.5973882e+00   5.5845560e-01
   2.4204600e-01   3.6555861e+00   5.6045269e-01
   2.3649231e-01   3.6059948e+00   5.6708254e-01
   2.3573937e-01   3.6335158e+00   5.6692939e-01
   2.3856148e-01   3.6905447e+00   5.6221494e-01
   2.3168999e-01   3.6754167e+00   5.6864704e-01
   2.1997148e-01   3.5619642e+00   5.8329085e-01
   2.1752561e-01   3.5666156e+00   5.8544271e-01
   2.1769813e-01   3.6203021e+00   5.8325213e-01
   2.1946290e-01   3.6632246e+00   5.8025731e-01
   2.0307348e-01   3.5543701e+00   5.9813343e-01
   1.9786562e-01   3.4527161e+00   6.0654292e-01
   1.8883224e-01   3.4609297e+00   6.1410118e-01
   1.8625660e-01   3.4518006e+00   6.1649395e-01
   1.8617059e-01   3.4503562e+00   6.1681744e-01
   1.9003911e-01   3.5126257e+00   6.1102740e-01
   1.9559848e-01   3.6440630e+00   6.0107432e-01
   2.0722335e-01   3.7425266e+00   5.8736320e-01
   2.0338359e-01   3.7810047e+00   5.8894321e-01
   2.0277704e-01   3.7356810e+00   5.9099951e-01
   2.0557536e-01   3.7594509e+00   5.8787412e-01
   2.0335654e-01   3.7580116e+00   5.8947617e-01
   1.8931226e-01   3.5957895e+00   6.0785637e-01
   1.9167753e-01   3.6982583e+00   6.0175646e-01
   1.9549449e-01   3.7175875e+00   5.9778650e-01
   1.8542180e-01   3.6683321e+00   6.0863538e-01
   1.8118297e-01   3.6001079e+00   6.1490956e-01
   1.8299564e-01   3.6246131e+00   6.1264200e-01
   1.8425717e-01   3.6621968e+00   6.0962278e-01
   1.8148786e-01   3.5917159e+00   6.1524224e-01
   1.8924349e-01   3.7251627e+00   6.0287113e-01
   1.9588790e-01   3.7995780e+00   5.9386295e-01
   1.9890624e-01   3.8486215e+00   5.8920164e-01
   2.0217606e-01   3.7792747e+00   5.8880726e-01
   1.9633799e-01   3.6816866e+00   5.9737441e-01
   1.9397721e-01   3.5164549e+00   6.0545359e-01
   2.0834066e-01   3.7067373e+00   5.8513401e-01
   2.1409019e-01   3.6555987e+00   5.8175794e-01
   2.2337195e-01   3.7666062e+00   5.6891295e-01
   2.2311707e-01   3.6620253e+00   5.7347601e-01
   2.3588691e-01   3.8336077e+00   5.5515459e-01
   2.3136846e-01   3.8157012e+00   5.5980404e-01
   2.2870899e-01   3.7901027e+00   5.6251720e-01
   2.2432914e-01   3.7387869e+00   5.6828375e-01
   2.2029556e-01   3.7421207e+00   5.7168008e-01
   2.2657073e-01   3.8294701e+00   5.6317136e-01
   2.2639296e-01   3.8935737e+00   5.6080680e-01
   2.1699628e-01   3.7748187e+00   5.7352102e-01
   2.1301540e-01   3.7214924e+00   5.7893824e-01
   2.0128729e-01   3.6809645e+00   5.9068747e-01
   1.9603221e-01   3.6158978e+00   5.9810110e-01
   1.9498664e-01   3.7143432e+00   5.9490091e-01
   1.8785249e-01   3.6232812e+00   6.0516238e-01
   1.8760509e-01   3.6735568e+00   6.0331733e-01
   1.8687160e-01   3.7092055e+00   6.0257413e-01
   1.9069177e-01   3.7684368e+00   5.9728712e-01
   1.7861020e-01   3.7089398e+00   6.0972682e-01
   1.7490134e-01   3.7349271e+00   6.1164780e-01
   1.7228462e-01   3.7187396e+00   6.1521168e-01
   1.7005825e-01   3.7089242e+00   6.1722886e-01
   1.6567542e-01   3.6789903e+00   6.2207094e-01
   1.6712264e-01   3.7706099e+00   6.1693665e-01
   1.6843586e-01   3.7908809e+00   6.1539337e-01
   1.6806255e-01   3.8427979e+00   6.1321715e-01
   1.5962031e-01   3.8145580e+00   6.2143166e-01
   1.6281592e-01   3.8722406e+00   6.1605382e-01
   1.6017009e-01   3.8435990e+00   6.1947862e-01
   1.5882225e-01   3.7308147e+00   6.2525013e-01
   1.6272693e-01   3.9514915e+00   6.1281172e-01
   1.5780067e-01   3.9266976e+00   6.1765877e-01
   1.4658204e-01   3.7872137e+00   6.3255497e-01
   1.4787414e-01   3.8115448e+00   6.3058670e-01
   1.4763501e-01   3.8327090e+00   6.3015826e-01
   1.3924498e-01   3.7454727e+00   6.4064533e-01
   1.4121116e-01   3.8215407e+00   6.3609845e-01
   1.4041310e-01   3.8019920e+00   6.3764312e-01
   1.4308882e-01   3.9045464e+00   6.3124944e-01
   1.4696399e-01   3.9679615e+00   6.2508687e-01
   1.4762573e-01   3.9902440e+00   6.2374833e-01
   1.4401915e-01   3.9629306e+00   6.2767795e-01
   1.4988853e-01   4.0143273e+00   6.2030152e-01
   1.5044915e-01   3.8762971e+00   6.2475034e-01
   1.4877872e-01   3.8431328e+00   6.2693598e-01
   1.5509170e-01   3.8587378e+00   6.2066926e-01
   1.6730161e-01   3.9293166e+00   6.0726953e-01
   1.7139826e-01   3.9398736e+00   6.0237124e-01
   1.8329497e-01   3.9905953e+00   5.8965433e-01
   1.9130279e-01   4.1601699e+00   5.7580783e-01
   1.9289470e-01   4.0919905e+00   5.7699483e-01
   1.9109886e-01   4.0198373e+00   5.8111447e-01
   1.8273216e-01   3.9835570e+00   5.8971044e-01
   1.8051042e-01   3.9020143e+00   5.9463447e-01
   1.8454029e-01   4.0242927e+00   5.8635458e-01
   1.6417618e-01   3.8046785e+00   6.1233586e-01
   1.7342602e-01   3.9831305e+00   5.9757345e-01
   1.7500924e-01   4.0889939e+00   5.9195934e-01
   1.6937466e-01   4.0433681e+00   5.9883366e-01
   1.5862324e-01   4.0052443e+00   6.0919956e-01
   1.5802227e-01   4.0472702e+00   6.0827426e-01
   1.4820836e-01   3.9815282e+00   6.1921552e-01
   1.4412127e-01   3.9646885e+00   6.2377094e-01
   1.5014583e-01   4.0874256e+00   6.1362007e-01
   1.3195378e-01   3.8924123e+00   6.3708578e-01
   1.3459087e-01   4.0148241e+00   6.2994838e-01
   1.3137917e-01   4.0193466e+00   6.3261323e-01
   1.2794084e-01   4.0269078e+00   6.3510535e-01
   1.2729554e-01   4.0892865e+00   6.3355574e-01
   1.1730028e-01   4.0803459e+00   6.4184810e-01
   1.1012908e-01   3.9773610e+00   6.5248438e-01
   1.1776260e-01   4.0570770e+00   6.4244860e-01
   1.2084423e-01   4.1509900e+00   6.3629460e-01
   1.1907381e-01   4.2104393e+00   6.3518354e-01
   1.1444186e-01   4.2624011e+00   6.3666875e-01
   1.2104715e-01   4.3267423e+00   6.2879311e-01
   1.1954861e-01   4.3639545e+00   6.2832798e-01
   1.1804508e-01   4.3206393e+00   6.3122565e-01
   1.1543687e-01   4.3534675e+00   6.3171442e-01
   1.1023955e-01   4.2799525e+00   6.3890435e-01
   1.1523741e-01   4.3852412e+00   6.3043256e-01
   1.0605216e-01   4.3975970e+00   6.3733098e-01
   1.1354399e-01   4.4346601e+00   6.2982015e-01
   1.0025267e-01   4.3165864e+00   6.4564538e-01
   1.0161085e-01   4.4566186e+00   6.3903904e-01
   1.0285778e-01   4.4528783e+00   6.3842143e-01
   1.0149518e-01   4.4656757e+00   6.3902764e-01
   9.8603800e-02   4.4305388e+00   6.4247939e-01
   9.3386180e-02   4.3894471e+00   6.4825986e-01
   7.9940331e-02   4.3105973e+00   6.6206249e-01
   7.9396354e-02   4.2386039e+00   6.6591145e-01
   9.7353426e-02   4.4682555e+00   6.4135724e-01
   9.0091438e-02   4.2556531e+00   6.5585221e-01
   9.3442669e-02   4.3399315e+00   6.4912133e-01
   1.0155920e-01   4.4210322e+00   6.3817070e-01
   1.0735257e-01   4.3657208e+00   6.3515373e-01
   1.0568097e-01   4.3587569e+00   6.3554132e-01
   1.0998845e-01   4.3404668e+00   6.3276708e-01
   1.2416517e-01   4.4925964e+00   6.1384810e-01
   1.2200117e-01   4.4246561e+00   6.1808315e-01
   1.1842662e-01   4.3712493e+00   6.2303032e-01
   1.3363258e-01   4.5873072e+00   6.0108341e-01
   1.2086098e-01   4.4325521e+00   6.1806702e-01
   1.2568019e-01   4.5275162e+00   6.1023992e-01
   1.1416760e-01   4.4259441e+00   6.2406444e-01
   1.1235767e-01   4.5061434e+00   6.2196096e-01
   1.1193721e-01   4.4924568e+00   6.2334877e-01
   9.9295627e-02   4.3307355e+00   6.4035003e-01
   9.8488673e-02   4.4556101e+00   6.3630297e-01
   1.0392500e-01   4.5372477e+00   6.2836580e-01
   9.9688010e-02   4.5507965e+00   6.3157106e-01
   8.8722896e-02   4.4894065e+00   6.4301210e-01
   8.3823587e-02   4.4584618e+00   6.4867079e-01
   8.7148187e-02   4.5313482e+00   6.4305712e-01
   7.5650341e-02   4.5223985e+00   6.5297209e-01
   7.0013183e-02   4.5192373e+00   6.5809145e-01
   6.3865207e-02   4.4776755e+00   6.6464721e-01
   6.3138308e-02   4.5269306e+00   6.6341150e-01
   5.3897821e-02   4.4741882e+00   6.7345857e-01
   4.8518139e-02   4.4291199e+00   6.7971626e-01
   4.4146047e-02   4.4392914e+00   6.8311767e-01
   4.1800612e-02   4.4685728e+00   6.8364990e-01
   4.5565830e-02   4.5975253e+00   6.7538730e-01
   4.6128950e-02   4.5793623e+00   6.7538139e-01
   4.5619355e-02   4.6503922e+00   6.7262081e-01
   4.5464153e-02   4.6523556e+00   6.7283762e-01
   4.6866733e-02   4.5777761e+00   6.7462464e-01
   4.7397069e-02   4.7042120e+00   6.6887365e-01
   4.0777501e-02   4.6250157e+00   6.7757093e-01
   3.7705585e-02   4.6863636e+00   6.7752795e-01
   4.2410951e-02   4.7330897e+00   6.7146219e-01
   3.3419224e-02   4.5939181e+00   6.8492451e-01
   3.1968035e-02   4.6839980e+00   6.8258639e-01
   3.0718771e-02   4.7140191e+00   6.8283917e-01
   1.9633531e-02   4.5885845e+00   6.9699477e-01
   1.4558995e-02   4.5603287e+00   7.0255567e-01
   1.3483846e-02   4.5706978e+00   7.0285913e-01
   1.5394382e-02   4.5790425e+00   7.0103458e-01
   1.9464499e-02   4.6379200e+00   6.9466033e-01
   2.6863164e-02   4.6500591e+00   6.8764780e-01
   2.5732159e-02   4.6335520e+00   6.8916692e-01
   2.8427449e-02   4.5568410e+00   6.8946253e-01
   3.6978203e-02   4.6624940e+00   6.7729197e-01
   4.5259536e-02   4.6700069e+00   6.6939066e-01
   5.1557494e-02   4.5732250e+00   6.6765249e-01
   5.4204768e-02   4.5399395e+00   6.6609854e-01
   5.3633771e-02   4.5276708e+00   6.6634000e-01
   5.7780287e-02   4.5620307e+00   6.6077602e-01
   6.1643137e-02   4.5354467e+00   6.5884720e-01
   6.0348896e-02   4.5252459e+00   6.5974766e-01
   6.3393826e-02   4.5656523e+00   6.5576131e-01
   7.0391095e-02   4.7665102e+00   6.4123674e-01
   6.8682901e-02   4.7120445e+00   6.4483858e-01
   6.6509319e-02   4.6256960e+00   6.5062764e-01
   6.3714530e-02   4.6097123e+00   6.5379257e-01
   6.0328916e-02   4.6522813e+00   6.5499994e-01
   4.5964084e-02   4.5837599e+00   6.7002942e-01
   4.1145376e-02   4.5446462e+00   6.7591202e-01
   3.5854705e-02   4.4825291e+00   6.8324937e-01
   3.4488822e-02   4.5462618e+00   6.8194480e-01
   3.7757980e-02   4.6204041e+00   6.7636489e-01
   3.9448337e-02   4.7087821e+00   6.7163408e-01
   2.5076240e-02   4.5525969e+00   6.9042034e-01
   1.8515274e-02   4.5660483e+00   6.9522329e-01
   1.3924459e-02   4.5320230e+00   7.0057004e-01
   1.7958233e-02   4.6473592e+00   6.9241380e-01
   2.4446709e-02   4.7548862e+00   6.8314325e-01
   1.2053229e-02   4.6486742e+00   6.9807375e-01
   9.4479259e-03   4.6474309e+00   7.0009556e-01
   1.4685840e-02   4.7670560e+00   6.9104221e-01
   1.1327017e-02   4.7222968e+00   6.9550618e-01
   4.3225234e-03   4.6674952e+00   7.0395236e-01
   6.7703793e-03   4.7252254e+00   6.9944820e-01
   9.0967081e-03   4.7751234e+00   6.9561860e-01
   0.0000000e+00   4.4932675e+00   7.1485895e-01
   0.0000000e+00   4.3232181e+00   7.2205632e-01
   0.0000000e+00   4.7228068e+00   7.0468751e-01
